# Haguenau 1
7.784880995750427, 48.81654295244695,0
7.785342335700989, 48.81623563965793,0
7.784730792045593, 48.81525717144822,0
7.784328460693359, 48.81470964480266,0
7.783534526824951, 48.81462133349334,0
7.782863974571228, 48.814490632470076,0
7.782724499702454, 48.814465905211115,0
7.782686948776245, 48.81441291818658,0
7.782686948776245, 48.81435639863201,0
7.782847881317139, 48.81350859766716,0
7.782949805259705, 48.813056431290356,0
7.782960534095764, 48.81296105192443,0
7.782729864120483, 48.81276676006215,0
7.783003449440002, 48.81127598654002,0
7.783078551292419, 48.8112406596156,0
7.783153653144836, 48.81123712692179,0
7.783255577087402, 48.81124772500247,0
7.78331458568573, 48.81129718268272,0
7.7829766273498535, 48.81286567237704,0
7.783046364784241, 48.812985779925604,0
7.783169746398926, 48.81308822437202,0
7.783142924308777, 48.81333197066158,0
7.7832019329071045, 48.81346973977933,0
7.7833253145217896, 48.81351213020093,0
7.783459424972534, 48.8135191952677,0
7.783920764923096, 48.8135191952677,0
7.784006595611572, 48.813529792866,0
7.784097790718079, 48.81358984588076,0
7.784081697463989, 48.81374527687903,0
7.783840298652649, 48.81442704806527,0
7.7839261293411255, 48.81449769739896,0
7.78406023979187, 48.814557749254305,0
7.7842265367507935, 48.814596606298856,0
7.784489393234253, 48.81467785274921,0
7.784602046012878, 48.814900396699876,0
7.785433530807495, 48.81620031622813,0
7.785546183586121, 48.81633454512895,0
7.785642743110657, 48.8164758383205,0
7.785594463348389, 48.81651469387833,0
7.785546183586121, 48.8165182262003,0
7.785487174987793, 48.816521758521986,0
7.785465717315674, 48.81646877367038,0
7.785395979881287, 48.81636986846418,0