1	Strasbourg	67482	67000	999.092	2412.07	67	42	1	1	7.736	48.585	99	8	0	2	6	3	100	0	10	
2	Mulhouse	68224	68070	974.889	2317.39	68	42	1	1	7.344	47.752	99	4	0	4	0	0	0	0	6	
3	Belfort	90010	90000	938.914	2303.236	90	43	1	1	6.860356	47.640401	0	0	0	0	0	0	0	0	0	
4	Lons le Saunier	39300	39000	846.086	2191.09	39	43	1	1	5.551933	46.673972	0	0	0	0	0	0	0	0	0	
5	Besançon	25056	25000	870.860	2255.707	25	43	1	1	6.026	47.242	0	0	0	0	0	0	0	0	0	
6	Vesoul	70550	70000	886.925	2298.375	70	43	1	1	6.155904	47.623473	0	0	0	0	0	0	0	0	0	
8	Metz	57463	57000	880.435	2464.831	57	41	1	1	6.173	49.116	0	0	0	0	0	0	0	0	0	
9	Nancy	54395	54000	883.241	2417.388	54	41	1	1	6.18	48.69	0	0	0	0	0	0	0	0	0	
10	Epinal	88160	88000	905.980	2360.730	88	41	1	1	6.449983	48.174775	0	0	0	0	0	0	0	0	0	
11	Charleville Mézières	08105	08000	771.836	2533.14	8	21	1	1	4.720210	49.773609	0	0	0	0	0	0	0	0	0	
12	Reims	51454	51000	723.239	2475.494	51	21	1	1	4.028	49.263	0	0	0	0	0	0	0	0	0	
13	Troyes	10387	10000	729.238	2368.079	10	21	1	1	4.074	48.298	0	0	0	0	0	0	0	0	0	
14	Chaumont	52121	52000	808.6	2349.473	52	21	1	1	5.139908	48.111322	0	0	0	0	0	0	0	0	0	
15	Dijon	21231	21000	804.467	2261.659	21	26	1	1	5.043988	47.327213	0	0	0	0	0	0	0	0	0	
16	Macon	71270	71000	792.178	2148.227	71	26	1	1	4.833371	46.309129	0	0	0	0	0	0	0	0	0	
17	Chateau Chinon	58062	58000	721.189	2230.644	58	26	1	1	3.940579	47.064817	0	0	0	0	0	0	0	0	0	
18	Auxerre	89024	89000	692.182	2311.605	89	26	1	1	3.574404	47.798291	0	0	0	0	0	0	0	0	0	
19	Gray	70279	70100	845.408	2276.707	70	43	1	1	5.588770	47.448432	0	0	0	0	0	0	0	0	0	
20	Remiremont	88383		917.196	2343.888	88	41	1	1	6.589880	48.016506	0	0	0	0	0	0	0	0	0	
21	Saint Dié	88413		942.207	2375.068	88	41	1	1	6.951746	48.281521	0	0	0	0	0	0	0	0	0	
22	Montbeliard	25388	25200	935.906	2288.421	25	43	1	1	6.799712	47.511873	0	0	0	0	0	0	0	0	0	
23	Pontarlier	25462	25300	905.978	2219.622	25	43	1	1	6.359084	46.902097	0	0	0	0	0	0	0	0	0	
24	Dole	39198	39108	839.322	2237.290	39	43	1	1	5.487875	47.089115	0	0	0	0	0	0	0	0	0	
25	Forbach	57227	57300	932.729	2475.248	57	41	1	1	6.898432	49.185938	0	0	0	0	0	0	0	0	0	
26	Sarrebourg	57630		946.953	2425.543	57	41	1	1	7.051900	48.734975	0	0	0	0	0	0	0	0	0	
27	Sarreguemines	57631		945.434	2467.348	57	41	1	1	7.071916	49.113906	0	0	0	0	0	0	0	0	0	
28	Thionville	57672		878.515	2491.297	57	41	1	1	6.168446	49.357084	0	0	0	0	0	0	0	0	0	
29	Neufchateau	88321		848.965	2378.278	88	41	1	1	5.692621	48.354907	0	0	0	0	0	0	0	0	0	
30	Pont a Mousson	54431		872.610	2440.466	54	41	1	1	6.059787	48.905815	0	0	0	0	0	0	0	0	0	
31	Toul	54528		861.852	2414.409	54	41	1	1	5.895101	48.683459	0	0	0	0	0	0	0	0	0	
32	Verdun	55545		822.304	2466.725	55	41	1	1	5.383998	49.159018	0	0	0	0	0	0	0	0	0	
33	Bar le Duc	55029	55012	808.133	2422.998	55	41	1	1	5.160575	48.773719	0	0	0	0	0	0	0	0	0	
34	Colmar	68066	68000	973.709	2354.371	68	42	1	1	7.35555555	48.0816666	98	2	0	3	0	0	0	0	2	
35	Mont Saint Martin	54382		849.364	2510.275	54	41	1	1	5.781029	49.541503	0	0	0	0	0	0	0	0	0	
36	Briey	54099		862.443	2478.346	54	41	1	1	5.939144	49.247266	0	0	0	0	0	0	0	0	0	
37	Lunéville	54329		907.241	2407.120	54	41	1	1	6.490818	48.591350	0	0	0	0	0	0	0	0	0	
38	Haguenau	67180		1000.228	2438.129	67	42	1	1	7.791475	48.820410	9	2	0	1	4	2	15	0	4	
39	SAVERNE	67437		969.539	2427.686	67	42	1	1	7.362041	48.741715	21	4	0	1	5	4	31	0	9	
40	WISSEMBOURG	67544		1010.088	2463.460	67	42	1	1	7.945061	49.033682	34	7	0	1	3	6	39	0	12	
41	SELESTAT	67462		979.806	2374.627	67	42	1	1	7.455	48.260277	24	5	0	3	9	5	33	0	7	
42	Fumay	8185	08170	770.186	2557.830	8	21	1	1	4.706954	49.993574	0	0	0	0	0	0	0	0	0	
43	Rethel	8362	08300	747.220	2503.299	8	21	1	1	4.366301	49.508607	0	0	0	0	0	0	0	0	0	
44	Sedan	08409	08208	788.022	2525.897	8	21	1	1	4.944477	49.701019	0	0	0	0	0	0	0	0	0	
45	Vouziers	8490	08400	771.780	2491.532	8	21	1	1	4.701941	49.397346	0	0	0	0	0	0	0	0	0	
46	Romilly sur Seine	10323	10105	702.738	2391.695	10	21	1	1	3.73	48.52	0	0	0	0	0	0	0	0	0	
47	Châlons en Champagne	51108		748.591	2441.744	51	21	1	1	4.363642	48.955216	0	0	0	0	0	0	0	0	0	
48	Epernay	51230		718.709	2450.318	51	21	1	1	3.957381	49.034095	0	0	0	0	0	0	0	0	0	
49	Vitry-le-Francois	51649		765.441	2416.401	51	21	1	1	4.585869	48.725820	0	0	0	0	0	0	0	0	0	
50	Langres	52269		824.172	2322.410	52	21	1	1	5.334110	47.862974	0	0	0	0	0	0	0	0	0	
51	Saint Dizier	52448		792.575	2407.539	52	21	1	1	4.949702	48.637285	0	0	0	0	0	0	0	0	0	
52	Beaune	21054		790.180	2227.945	21	26	1	1	4.838270	47.023981	0	0	0	0	0	0	0	0	0	
53	Chatillon-sur-seine	21154		767.419	2320.031	21	26	1	1	4.572844	47.857605	0	0	0	0	0	0	0	0	0	
54	Montbard	21425	21506	750.352	2293.403	21	26	1	1	4.338025	47.625172	0	0	0	0	0	0	0	0	0	
55	Semur en Auxois	21603	21140	750.404	2278.701	21	26	1	1	4.331990	47.490564	0	0	0	0	0	0	0	0	0	
56	Cosne-Cours-sur-Loire	58086		644.535	2268.144	58	26	1	1	2.925291	47.411364	0	0	0	0	0	0	0	0	0	
57	Decize	58095	58300	685.802	2203.851	58	26	1	1	3.455023	46.827141	0	0	0	0	0	0	0	0	0	
58	Autun	71014	71405	749.337	2218.657	71	26	1	1	04°17'58''	46°57'06''	0	0	0	0	0	0	0	0	0	
59	Creusot	71153		760.568	2202.217	71	26	1	1	4.445310	47.377300	0	0	0	0	0	0	0	0	0	
61	Montceau-les-Mines	71306	71230	0755.496	2187.217	71	26	1	1	4.365651	46.675424	0	0	0	0	0	0	0	0	0	
62	Paray le Monial	71342	71600	736.968	2162.773	71	26	1	1	4.123587	46.451736	0	0	0	0	0	0	0	0	0	
63	Avallon	89025		718.431	2277.894	89	26	1	1	3.907983	47.492494	0	0	0	0	0	0	0	0	0	
64	Joigny	89206	89306	679.180	2331.969	89	26	1	1	3.396145	47.985032	0	0	0	0	0	0	0	0	0	
65	Sens	89387	89108	670.389	2355.784	89	26	1	1	3.287177	48.197756	0	0	0	0	0	0	0	0	0	
66	Tonnerre	89418	89700	722.491	2318.585	89	26	1	1	3.974669	47.856492	0	0	0	0	0	0	0	0	0	
67	Chalon sur Saône	71076	71321	791.644	2202.369	71	26	1	1	4.852948	46.784219	0	0	0	0	0	0	0	0	0	
68	Nevers	58194	58033	662.383	2221.737	58	26	1	1	3.161689	46.987110	0	0	0	0	0	0	0	0	0	
69	Paris	75056		600.572	2429.079	0	0	7	1	2.35	48.86	0	0	0	0	0	0	0	0	0	
70	Ludwigshafen (RFA)		67071	0	0	0	999	100	9	8.447	49.481	0	0	0	0	0	0	0	0	0	
77	Lyon	69123		794.845	2087.390	69	0	1	1	4.84	45.76	0	0	0	0	0	0	0	0	0	
78	Lausanne (Suisse)					0	0	0	3	6.632	46.52	0	0	0	0	0	0	0	0	0	
79	Zürich (Suisse)					0	0	0	3	8.54	47.377	0	0	0	0	0	0	0	0	0	
80	Bitche	57089		971.948	2462.460	57	41	1	1	7.423783	49.051033	0	0	0	0	0	0	0	0	0	
81	Sivas (Turquie)		58140	34°45N	37°01E	0	0	0	29	37.018	39.748	0	0	0	0	0	0	0	0	0	
83	Lille	59350		651.121	2626.641	59	0	2	1	3.063	50.637	0	0	0	0	0	0	0	0	0	
89	Marseille			847.033	1815.246	13	0	5	1	5.38	43.3	0	0	0	0	0	0	0	0	0	
90	Toulouse	31555		527.674	1845.128	31	0	0	1	1.44	43.61	0	0	0	0	0	0	0	0	0	
91	Bordeaux	33063		369.377	1986.171	33	0	0	1	-0.58	44.84	0	0	0	0	0	0	0	0	0	
92	Montpellier	34172		724.484	1846.683	34	0	4	1	3.88	43.61	0	0	0	0	0	0	0	0	0	
93	Tours			475.578	2267.192	37	0	0	1	0.69	47.39	0	0	0	0	0	0	0	0	0	
94	Nantes	44109		305.458	2253.682	44	0	3	1	-1.55	47.22	0	0	0	0	0	0	0	0	0	
95	Toulon	83137		892.919	1798.055	83	0	0	1	5.93	43.13	0	0	0	0	0	0	0	0	0	
96	Poitiers					86	0	0	1	0.342648	46.586985	0	0	0	0	0	0	0	0	0	
97	Saint Louis	68297		992.994	2300.378	68	42	1	1	7.560090	47.589575	0	0	0	0	0	0	0	0	0	
98	Thann	68334		956.931	2322.732	68	42	1	1	7.099426	47.812241	25	6	0	4	0	0	0	0	11	
99	OBERNAI	67348		980.382	2397.286	67	42	1	1	7.481955	48.462376	16	5	0	2	7	3	27	0	7	
100	SCHIRMECK	67448		960865	2397860	67	42	1	1	7.218815	48.478604	23	3	0	2	7	3	32	0	5	
101	Altkirch	68004				68	42	1	1	7.239068	47.623296	1	1	0	4	0	0	0	0	1	
102	Cernay	68063	68700	962.266	2323.058	68	42	1	1	7.17666666	47.8072222	3	6	0	4	0	0	0	0	11	
136	Tübingen					0	0	100	9	9.049	48.52	0	0	0	0	0	0	0	0	0	
104	Guebwiller	68112				68	42	1	1	7.213876	47.905712	8	3	0	3	0	0	0	0	3	
105	INGWILLER	67222	67340	977.026	2442.853	67	42	1	1	7.479679	48.873265	4	4	0	1	2	4	20	0	9	
106	Bischwiller	67046	67240	1005.680	2432.901	67	42	1	1	7.860399	48.767117	3	2	0	1	4	2	4	0	4	
107	Pfastatt	68256	68120	971.947	2319.477	68	42	1	1	7.304454	47.768659	27	4	0	4	0	0	0	0	6	
108	Tirana					0	0	0	31	19.833	41.333	0	0	0	0	0	0	0	0	0	
109	Vienne		1090			0	0	0	8	16.345	48.222	0	0	0	0	0	0	0	0	0	
110	Antwerpen		2060			0	0	0	4	4.434	51.222	0	0	0	0	0	0	0	0	0	
111	Bruxelles		1120			0	0	0	4	4.39	50.906	0	0	0	0	0	0	0	0	0	
112	Gent		9000			0	0	0	4	 3.728	51.056	0	0	0	0	0	0	0	0	0	
113	Liège		4000			0	0	0	4	5.572	50.645	0	0	0	0	0	0	0	0	0	
114	Louvain					0	0	0	4	4.704	50.879	0	0	0	0	0	0	0	0	0	
115	Loverval					0	0	0	4	4.468	50.37	0	0	0	0	0	0	0	0	0	
116	Suresnes		92151			92	0	7	1	2.226	48.868	0	0	0	0	0	0	0	0	0	
117	Bâle					0	0	0	3	7.588	47.549	0	0	0	0	0	0	0	0	0	
118	Aachen		52074			0	0	100	9	6.088	50.778	0	0	0	0	0	0	0	0	0	
119	Bochum		44789			0	0	0	9	7.211	51.486	0	0	0	0	0	0	0	0	0	
120	Lübeck					0	0	0	9	10.683	53.866	0	0	0	0	0	0	0	0	0	
121	Hambourg					0	0	0	9	9.99	53.555	0	0	0	0	0	0	0	0	0	
122	Hanovre					0	0	0	9	9.738	52.372	0	0	0	0	0	0	0	0	0	
123	Berlin		00001			0	0	100	9	13.377	52.516	0	0	0	0	0	0	0	0	0	
137	Munich					0	0	0	9	11.578	48.136	0	0	0	0	0	0	0	0	0	
125	Dortmund					0	0	0	9	7.458	51.516	0	0	0	0	0	0	0	0	0	
126	Duisburg					0	0	0	9	6.764	51.431	0	0	0	0	0	0	0	0	0	
127	Cologne					0	0	0	9	6.955	50.942	0	0	0	0	0	0	0	0	0	
128	Gelsenkirchen-Buer					0	0	0	9	7.093	51.511	0	0	0	0	0	0	0	0	0	
129	Hamm		59063			0	0	100	9	 10.05	53.555	0	0	0	0	0	0	0	0	0	
130	Offenbach/Main					0	0	100	9	8.766	50.105	0	0	0	0	0	0	0	0	0	
131	Kassel					0	0	100	9	9.491	51.312	0	0	0	0	0	0	0	0	0	
132	Coblence/Koblenz		00560			0	0	100	9	7.593	50.361	0	0	0	0	0	0	0	0	0	
133	Mayence					0	0	100	9	8.272	50	0	0	0	0	0	0	0	0	0	
134	Stuttgart					0	0	100	9	48.768	9.172	0	0	0	0	0	0	0	0	0	
135	Manheim					0	0	100	9	 8.467	49.486	0	0	0	0	0	0	0	0	0	
138	Murnau/Staffelsee					0	0	100	9	11.201	47.676	0	0	0	0	0	0	0	0	0	
139	Nürnberg					0	0	100	9	11.074	49.454	0	0	0	0	0	0	0	0	0	
140	Halle					0	0	0	9	11.975	51.481	0	0	0	0	0	0	0	0	0	
141	Erfurt					0	0	0	9	11.023	50.978	0	0	0	0	0	0	0	0	0	
142	Leipzig					0	0	100	9	12.386	51.345	0	0	0	0	0	0	0	0	0	
143	Dresde					0	0	0	9	13.728	51.052	0	0	0	0	0	0	0	0	0	
144	Clamart	92023	92140	594.514	2422.483	92	0	7	1	2.26	48.8	0	0	0	0	0	0	0	0	0	
145	Garches		92380			92	0	7	1	2.187414	48.844662	0	0	0	0	0	0	0	0	0	
146	Essen		45122			0	0	0	9	7.011	51.452	0	0	0	0	0	0	0	0	0	
147	Brest					29	0	3	1	-4.486	48.39	0	0	0	0	0	0	0	0	0	
148	SCHILTIGHEIM	67447		999.007	2414.660	67	42	1	1	7.75	48.61	22	6	0	2	6	3	-1	0	10	
149	Longwy	54323		848.095	2507.918	54	41	1	1	5.76	49.52	0	0	0	0	0	0	0	0	0	
150	Gênes / Genova					0	0	0	6	 8.939	44.41	0	0	0	0	0	0	0	0	0	
151	Milan / Milano					0	0	0	6	9.181	45.469	0	0	0	0	0	0	0	0	0	
152	Padoue / Padova					0	0	0	6	 11.873	45.409	0	0	0	0	0	0	0	0	0	
153	Turin / Torino					0	0	0	6	7.698	45.063	0	0	0	0	0	0	0	0	0	
154	Vérone / Verona					0	0	0	6	10.992	45.438	0	0	0	0	0	0	0	0	0	
155	Villingen-Schwenningen		78054			0	0	100	9	8.538	48.062	0	0	0	0	0	0	0	0	0	
156	Karlsruhe					0	0	100	9	8.409	49.01	0	0	0	0	0	0	0	0	0	
157	Freibourg					0	0	100	9	7.530673	47.602513	0	0	0	0	0	0	0	0	0	
158	Brumath	67067	67170			67	42	1	1	7.711174	48.730049	5	6	0	1	4	3	6	0	4	
159	HOERDT	67205	67728			67	42	1	1	7.784577	48.698710	5	6	0	1	6	3	19	0	4	
160	Erstein	67130	67152			67	42	1	1	7.661041	48.422429	7	5	0	2	8	3	12	0	7	
161	Rouffac		68250			68	42	1	1	0	0	0	0	0	0	0	0	0	0	0	
162	Linz					0	0	0	8	14.288	48.304	0	0	0	0	0	0	0	0	0	
163	Bergen		5021			0	0	0	21	5.333	60.391	0	0	0	0	0	0	0	0	0	
164	Graz		8036			0	0	0	8	15.464	47.081	0	0	0	0	0	0	0	0	0	
165	ACHENHEIM	67001		0	0	67	42	1	1	7.627034	48.576979	43	6	0	2	6	3	-1	0	10	
166	ADAMSWILLER	67002		0	0	67	42	1	1	7.201468	48.903893	6	4	0	1	1	4	10	0	9	
167	ALBE	67003		0	0	67	42	1	1	7.317717	48.356531	32	5	0	3	9	5	37	0	7	
168	ALLENWILLER	67004		0	0	67	42	1	1	7.375845	48.655449	13	4	0	1	5	4	7	0	9	
169	ALTENHEIM	67006		0	0	67	42	1	1	7.464272	48.719091	21	4	0	1	5	4	7	0	9	
170	ALTORF	67008		0	0	67	42	1	1	7.527502	48.521718	14	3	0	2	7	3	11	0	5	
171	ALTWILLER	67009		0	0	67	42	1	1	6.979672	48.929420	20	4	0	1	1	4	30	0	9	
172	ANDLAU	67010		0	0	67	42	1	1	7.418051	48.386039	1	5	0	3	8	5	1	0	7	
173	ARTOLSHEIM	67011		0	0	67	42	1	1	7.573172	48.208206	12	5	0	3	9	5	24	0	7	
174	ASCHBACH	67012		0	0	67	42	1	1	7.983434	48.935057	26	7	0	1	3	6	16	0	12	
175	ASSWILLER	67013		0	0	67	42	1	1	7.219976	48.880746	6	4	0	1	1	4	10	0	9	
176	AUENHEIM	67014		0	0	67	42	1	1	7.836657	48.605470	3	2	0	1	4	2	28	0	4	
177	AVOLSHEIM	67016		0	0	67	42	1	1	7.501024	48.562262	14	3	0	2	7	3	12	0	5	
178	BAERENDORF	67017		0	0	67	42	1	1	7.085228	48.837646	6	4	0	1	1	1	51	0	9	
179	BALBRONN	67018		0	0	67	42	1	1	7.437276	48.583717	33	3	0	2	7	3	38	0	9	
180	BALDENHEIM	67019		0	0	67	42	1	1	7.539779	48.237854	12	5	0	3	9	5	35	0	7	
181	BAREMBACH	67020		0	0	67	42	1	1	7.230172	48.477424	23	3	0	2	7	3	32	0	5	
182	BARR	67021		0	0	67	42	1	1	7.448431	48.409436	1	5	0	3	8	5	1	0	7	
183	BASSEMBERG	67022		0	0	67	42	1	1	7.284540	48.334926	32	5	0	3	9	5	37	0	7	
184	BATZENDORF	67023		0	0	67	42	1	1	7.706224	48.783421	9	2	0	1	4	2	22	0	4	
185	BEINHEIM	67025		0	0	67	42	1	1	8.085377	48.864672	25	7	0	1	3	2	34	0	4	
186	BELLEFOSSE	67026		0	0	67	42	1	1	7.215626	48.403033	23	3	0	2	7	3	32	0	5	
187	BELMONT	67027		0	0	67	42	1	1	0.240354	43.689685	23	3	0	2	7	3	32	0	5	
188	BENFELD	67028		0	0	67	42	1	1	7.593512	48.370485	2	5	0	3	8	5	2	0	7	
189	BERG	67029		0	0	67	42	1	1	7.154687	48.895984	6	4	0	1	1	4	10	0	9	
190	BERGBIETEN	67030		0	0	67	42	1	1	7.458479	48.575783	33	3	0	2	7	3	38	0	5	
191	BERNARDSWILLER	67031		0	0	67	42	1	1	7.463916	48.452822	16	5	0	2	7	3	27	0	7	
192	BERNARDVILLE	67032		0	0	67	42	1	1	7.402834	48.370310	1	5	0	3	9	5	1	0	7	
193	BERNOLSHEIM	67033		0	0	67	42	1	1	7.690401	48.755650	5	6	0	1	4	2	6	0	4	
194	BERSTETT	67034		0	0	67	42	1	1	7.657027	48.679201	31	6	0	2	6	3	3	0	10	
195	BERSTHEIM	67035		0	0	67	42	1	1	7.675016	48.792186	9	2	0	1	4	2	22	0	4	
196	BETTWILLER	67036		0	0	67	42	1	1	7.180877	48.885695	6	4	0	1	1	4	10	0	9	
197	BIBLISHEIM	67037		0	0	67	42	1	1	7.792560	48.900054	35	7	0	1	4	2	23	0	4	
198	BIETLENHEIM	67038		0	0	67	42	1	1	7.781826	48.719355	5	6	0	1	4	2	19	0	4	
199	BILWISHEIM	67039		0	0	67	42	1	1	7.660628	48.709541	5	6	0	1	4	3	3	0	4	
200	BINDERNHEIM	67040		0	0	67	42	1	1	7.608011	48.283327	12	5	0	3	9	5	35	0	7	
201	BIRKENWALD	67041		0	0	67	42	1	1	7.343666	48.658953	13	4	0	1	5	4	7	0	9	
202	BISCHHEIM	67043		0	0	67	42	1	1	7.755495	48.615303	44	6	0	2	6	3	-1	0	10	
203	BISCHHOLTZ	67044		0	0	67	42	1	1	7.539989	48.892776	4	4	0	1	2	4	20	0	4	
204	BISCHOFFSHEIM	67045		0	0	67	42	1	1	7.488934	48.486967	18	3	0	2	7	3	29	0	5	
205	BISSERT	67047		0	0	67	42	1	1	7.024848	48.942535	20	4	0	1	1	4	30	0	9	
206	BITSCHHOFFEN	67048		0	0	67	42	1	1	7.619706	48.858022	15	2	0	1	4	2	22	0	4	
207	BLAESHEIM	67049		0	0	67	42	1	1	7.609650	48.506141	8	6	0	2	6	3	-1	0	10	
208	BLANCHERUPT	67050		0	0	67	42	1	1	7.192710	48.408394	23	3	0	2	7	3	32	0	5	
209	BLIENSCHWILLER	67051		0	0	67	42	1	1	7.418578	48.340986	1	5	0	3	9	5	1	0	7	
210	BOERSCH	67052		0	0	67	42	1	1	7.439893	48.477367	18	3	0	2	7	3	29	0	5	
211	BOESENBIESEN	67053		0	0	67	42	1	1	7.563713	48.227920	12	5	0	3	9	5	35	0	7	
212	BOLSENHEIM	67054		0	0	67	42	1	1	7.610867	48.420543	7	5	0	2	8	3	12	0	7	
213	BOOFZHEIM	67055		0	0	67	42	1	1	7.680433	48.332135	2	5	0	3	8	5	14	0	7	
214	BOOTZHEIM	67056		0	0	67	42	1	1	7.573700	48.187768	12	5	0	3	9	5	24	0	7	
215	BOSSENDORF	67058		0	0	67	42	1	1	7.559613	48.781975	10	6	0	1	5	4	18	0	9	
216	BOURG-BRUCHE	67059		0	0	67	42	1	1	7.135005	48.358933	19	3	0	2	7	3	50	0	5	
217	BOURGHEIM	67060		0	0	67	42	1	1	7.495341	48.419259	16	5	0	2	8	3	1	0	7	
218	BOUXWILLER	68049		0	0	68	42	1	1	7.478836	48.823771	7	1	0	4	0	0	5	0	1	
219	BREITENAU	67062		0	0	67	42	1	1	7.291050	48.323170	32	5	0	3	9	5	37	0	7	
220	BREITENBACH	67063		0	0	67	42	1	1	7.292572	48.365913	32	5	0	3	9	5	37	0	7	
221	BREUSCHWICKERSHEIM	67065		0	0	67	42	1	1	7.602218	48.579534	43	6	0	2	6	3	-1	0	10	
222	LA BROQUE	67066		0	0	67	42	1	1	7.215734	48.472632	23	3	0	2	7	3	32	0	5	
223	BUSWILLER	67068		0	0	67	42	1	1	7.559457	48.819419	4	4	0	1	2	4	22	0	9	
224	BUHL	68058		0	0	68	42	1	1	7.182812	47.927960	8	3	0	3	0	0	16	0	3	
225	BURBACH	67070		0	0	67	42	1	1	7.111634	48.901386	6	4	0	1	1	4	30	0	9	
226	BUST	67071		0	0	67	42	1	1	7.235150	48.829514	6	4	0	1	1	4	10	0	9	
227	BUTTEN	67072		0	0	67	42	1	1	7.220546	48.970966	20	4	0	1	1	4	8	0	9	
228	CHATENOIS	67073		0	0	67	42	1	1	7.399924	48.269910	24	5	0	3	9	5	33	0	7	
229	CLEEBOURG	67074		0	0	67	42	1	1	7.893335	49.000643	34	7	0	1	3	6	39	0	12	
230	CLIMBACH	67075		0	0	67	42	1	1	7.849505	49.017549	34	7	0	1	3	6	23	0	12	
231	COLROY-LA-ROCHE	67076		0	0	67	42	1	1	7.180709	48.389638	19	3	0	2	7	3	32	0	5	
232	COSSWILLER	67077		0	0	67	42	1	1	7.399619	48.632537	33	3	0	2	5	4	38	0	9	
233	CRASTATT	67078		0	0	67	42	1	1	7.427381	48.659031	13	4	0	1	5	4	7	0	9	
234	CROETTWILLER	67079		0	0	67	42	1	1	8.031046	48.932147	25	7	0	1	3	6	34	0	12	
235	DACHSTEIN	67080		0	0	67	42	1	1	7.530943	48.560984	14	3	0	2	7	3	12	0	5	
236	DAHLENHEIM	67081		0	0	67	42	1	1	7.506568	48.586148	33	3	0	2	7	3	38	0	5	
237	DALHUNDEN	67082		0	0	67	42	1	1	7.989991	48.775662	3	2	0	1	4	2	28	0	4	
238	DAMBACH	67083		0	0	67	42	1	1	7.631548	49.002797	15	2	0	1	2	2	25	0	4	
239	DAMBACH-LA-VILLE	67084		0	0	67	42	1	1	7.428430	48.323433	1	5	0	3	9	5	1	0	7	
240	DANGOLSHEIM	67085		0	0	67	42	1	1	7.466488	48.572081	33	3	0	2	7	3	12	0	5	
241	DAUBENSAND	67086		0	0	67	42	1	1	7.718925	48.348419	7	5	0	2	8	3	14	0	7	
242	DAUENDORF	67087		0	0	67	42	1	1	7.655404	48.829720	9	2	0	1	4	2	22	0	4	
243	DEHLINGEN	67088		0	0	67	42	1	1	7.192196	48.980905	20	4	0	1	1	4	8	0	9	
244	DETTWILLER	67089		0	0	67	42	1	1	7.466603	48.754181	21	4	0	1	5	4	7	0	9	
245	DIEBOLSHEIM	67090		0	0	67	42	1	1	7.662417	48.290479	12	5	0	3	8	5	14	0	7	
246	DIEDENDORF	67091		0	0	67	42	1	1	7.045311	48.879434	20	4	0	1	1	4	30	0	9	
247	DIEFFENBACH-AU-VAL	67092		0	0	67	42	1	1	7.327979	48.314942	32	5	0	3	9	5	37	0	7	
248	DIEFFENBACH-LES-WOERTH	67093		0	0	67	42	1	1	7.779684	48.932164	35	7	0	1	3	2	23	0	4	
249	DIEFFENTHAL	67094		0	0	67	42	1	1	7.418373	48.310095	24	5	0	3	9	5	1	0	7	
250	DIEMERINGEN	67095		0	0	67	42	1	1	7.187113	48.940043	6	4	0	1	1	4	8	0	9	
251	DIMBSTHAL	67096		0	0	67	42	1	1	7.358603	48.672668	13	4	0	1	5	4	7	0	9	
252	DINGSHEIM	67097		0	0	67	42	1	1	7.668837	48.630413	31	6	0	2	6	3	9	0	10	
253	DINSHEIM	67098		0	0	67	42	1	1	7.427131	48.542526	14	3	0	2	7	3	26	0	5	
254	DOMFESSEL	67099		0	0	67	42	1	1	7.151353	48.951465	20	4	0	1	1	4	8	0	9	
255	DONNENHEIM	67100		0	0	67	42	1	1	7.650876	48.717890	5	6	0	1	4	3	3	0	4	
256	DORLISHEIM	67101		0	0	67	42	1	1	7.486250	48.524655	14	3	0	2	7	3	26	0	5	
257	DOSSENHEIM-KOCHERSBERG	67102		0	0	67	42	1	1	7.574082	48.638909	31	6	0	2	6	3	9	0	10	
258	DOSSENHEIM-SUR-ZINSEL	67103		0	0	67	42	1	1	7.402283	48.805717	4	4	0	1	2	4	7	0	9	
259	DRACHENBRONN-BIRLENBACH	67104		0	0	67	42	1	1	7.870046	48.987029	26	7	0	1	3	6	16	0	12	
260	DRULINGEN	67105		0	0	67	42	1	1	7.191985	48.867234	6	4	0	1	1	4	10	0	9	
261	DRUSENHEIM	67106		0	0	67	42	1	1	7.950212	48.764676	3	2	0	1	4	2	-1	0	4	
262	DUNTZENHEIM	67107		0	0	67	42	1	1	7.535213	48.712761	10	6	0	1	5	4	18	0	9	
263	DUPPIGHEIM	67108		0	0	67	42	1	1	7.594787	48.528880	8	6	0	2	6	3	11	0	5	
264	DURNINGEN	67109		0	0	67	42	1	1	7.567639	48.683390	31	6	0	2	5	3	9	0	10	
265	DURRENBACH	67110		0	0	67	42	1	1	7.767994	48.897165	35	7	0	1	4	2	23	0	4	
266	DURSTEL	67111		0	0	67	42	1	1	7.197205	48.891504	6	4	0	1	1	4	10	0	9	
267	DUTTLENHEIM	67112		0	0	67	42	1	1	7.566269	48.524038	14	3	0	2	7	3	11	0	5	
268	EBERBACH-SELTZ	67113		0	0	67	42	1	1	8.067955	48.928901	25	7	0	1	3	6	34	0	12	
269	EBERSHEIM	67115		0	0	67	42	1	1	7.498890	48.304764	24	5	0	3	9	5	35	0	7	
270	EBERSMUNSTER	67116		0	0	67	42	1	1	7.525755	48.310935	24	5	0	3	9	5	35	0	7	
271	ECKARTSWILLER	67117		0	0	67	42	1	1	7.355905	48.766206	21	4	0	1	5	4	31	0	9	
272	ECKBOLSHEIM	67118		0	0	67	42	1	1	7.687039	48.580471	43	6	0	2	6	3	-1	0	10	
273	ECKWERSHEIM	67119		0	0	67	42	1	1	7.694881	48.681082	5	6	0	1	6	3	3	0	4	
274	EICHHOFFEN	67120		0	0	67	42	1	1	7.442394	48.383820	1	5	0	3	8	5	1	0	7	
275	ELSENHEIM	67121		0	0	67	42	1	1	7.499191	48.161585	12	5	0	3	9	5	24	0	7	
276	WANGENBOURG-ENGENTHAL	67122		0	0	67	42	1	1	7.307104	48.622882	33	3	0	2	5	4	38	0	9	
277	ENGWILLER	67123		0	0	67	42	1	1	7.614948	48.884391	15	2	0	1	2	2	22	0	4	
278	ENTZHEIM	67124		0	0	67	42	1	1	7.634646	48.531500	8	6	0	2	6	3	-1	0	10	
279	EPFIG	67125		0	0	67	42	1	1	7.465838	48.358457	1	5	0	3	9	5	1	0	7	
280	ERCKARTSWILLER	67126		0	0	67	42	1	1	7.359213	48.875577	17	4	0	1	2	4	21	0	9	
281	ERGERSHEIM	67127		0	0	67	42	1	1	7.528137	48.569409	14	3	0	2	7	3	12	0	5	
282	ERNOLSHEIM-BRUCHE	67128		0	0	67	42	1	1	7.565492	48.564835	14	3	0	2	7	3	11	0	5	
283	ERNOLSHEIM-LES-SAVERNE	67129		0	0	67	42	1	1	7.381721	48.792399	21	4	0	1	5	4	7	0	9	
284	ESCHAU	67131		0	0	67	42	1	1	7.715892	48.488301	8	6	0	2	6	3	-1	0	10	
285	ESCHBACH	67132		0	0	67	42	1	1	8.018682	49.174125	35	7	0	1	4	2	25	0	4	
286	ESCHBOURG	67133		0	0	67	42	1	1	7.296309	48.813609	17	4	0	1	1	4	21	0	9	
287	ESCHWILLER	67134		0	0	67	42	1	1	7.113289	48.858712	6	4	0	1	1	4	10	0	9	
288	ETTENDORF	67135		0	0	67	42	1	1	7.583123	48.813474	10	6	0	1	4	2	18	0	9	
289	EYWILLER	67136		0	0	67	42	1	1	7.133364	48.870664	6	4	0	1	1	4	10	0	9	
290	FEGERSHEIM	67137		0	0	67	42	1	1	7.679548	48.489530	8	6	0	2	6	3	-1	0	10	
291	FESSENHEIM-LE-BAS	67138		0	0	67	42	1	1	7.539099	48.633122	31	6	0	2	5	3	38	0	10	
292	FLEXBOURG	67139		0	0	67	42	1	1	7.431820	48.571934	33	3	0	2	7	3	12	0	5	
293	FORSTFELD	67140		0	0	67	42	1	1	8.037069	48.859162	3	2	0	1	4	2	28	0	4	
294	FORSTHEIM	67141		0	0	67	42	1	1	7.714870	48.895416	35	7	0	1	4	2	25	0	4	
295	FORT-LOUIS	67142		0	0	67	42	1	1	8.056384	48.801064	3	2	0	1	4	2	28	0	4	
296	FOUCHY	67143		0	0	67	42	1	1	7.263769	48.325611	32	5	0	3	9	5	37	0	7	
297	FOUDAY	67144		0	0	67	42	1	1	7.185696	48.420667	23	3	0	2	7	3	32	0	5	
298	FRIEDOLSHEIM	67145		0	0	67	42	1	1	7.484972	48.706166	10	6	0	1	5	4	7	0	9	
299	FRIESENHEIM	67146		0	0	67	42	1	1	7.881788	48.373357	2	5	0	3	8	5	14	0	7	
300	FROESCHWILLER	67147		0	0	67	42	1	1	7.721122	48.945677	35	7	0	1	3	2	23	0	4	
301	FROHMUHL	67148		0	0	67	42	1	1	7.280870	48.909208	17	4	0	1	1	4	21	0	9	
302	FURCHHAUSEN	67149		0	0	67	42	1	1	7.439227	48.718722	21	4	0	1	5	4	7	0	9	
303	FURDENHEIM	67150		0	0	67	42	1	1	7.563408	48.613021	31	6	0	2	6	3	9	0	10	
304	GAMBSHEIM	67151		0	0	67	42	1	1	7.882959	48.691475	5	6	0	1	6	3	-1	0	4	
305	GEISPOLSHEIM	67152		0	0	67	42	1	1	7.643779	48.515161	8	6	0	2	6	3	-1	0	10	
306	GEISWILLER	67153		0	0	67	42	1	1	7.505352	48.787986	10	6	0	1	5	4	5	0	9	
307	GERSTHEIM	67154		0	0	67	42	1	1	7.701995	48.381383	7	5	0	2	8	3	14	0	7	
308	GERTWILLER	67155		0	0	67	42	1	1	7.467860	48.411221	1	5	0	3	8	5	1	0	7	
309	GEUDERTHEIM	67156		0	0	67	42	1	1	7.755162	48.723636	5	6	0	1	4	3	6	0	4	
310	GINGSHEIM	67158		0	0	67	42	1	1	7.589045	48.716492	10	6	0	1	5	3	18	0	9	
311	GOERLINGEN	67159		0	0	67	42	1	1	7.082536	48.795652	6	4	0	1	1	1	51	0	9	
312	GOERSDORF	67160		0	0	67	42	1	1	7.766277	48.949376	35	7	0	1	3	2	23	0	12	
313	GOTTENHOUSE	67161		0	0	67	42	1	1	7.360278	48.720453	13	4	0	1	5	4	31	0	9	
314	GOTTESHEIM	67162		0	0	67	42	1	1	7.480077	48.774741	21	4	0	1	5	4	7	0	9	
315	GOUGENHEIM	67163		0	0	67	42	1	1	7.565836	48.702006	31	6	0	2	5	3	18	0	10	
316	GOXWILLER	67164		0	0	67	42	1	1	7.486678	48.432814	16	5	0	2	8	3	1	0	7	
317	GRANDFONTAINE	67165		0	0	67	42	1	1	5.901301	47.197801	23	3	0	2	7	3	32	0	5	
318	GRASSENDORF	67166		0	0	67	42	1	1	7.612930	48.819719	10	6	0	1	4	2	22	0	9	
319	GRENDELBRUCH	67167		0	0	67	42	1	1	7.323583	48.492208	18	3	0	2	7	3	36	0	5	
320	GRESSWILLER	67168		0	0	67	42	1	1	7.431760	48.535358	14	3	0	2	7	3	26	0	5	
321	GRIES	67169		0	0	67	42	1	1	7.814117	48.752190	5	6	0	1	4	2	19	0	4	
322	GRIESHEIM-PRES-MOLSHEIM	67172		0	0	67	42	1	1	7.532334	48.502443	18	3	0	2	7	3	11	0	5	
323	GRIESHEIM-SUR-SOUFFEL	67173		0	0	67	42	1	1	7.668448	48.635742	31	6	0	2	6	3	9	0	10	
324	GUMBRECHTSHOFFEN	67174		0	0	67	42	1	1	7.631504	48.905406	15	2	0	1	2	2	25	0	4	
325	GUNDERSHOFFEN	67176		0	0	67	42	1	1	7.659194	48.906674	15	2	0	1	4	2	25	0	4	
326	GUNSTETT	67177		0	0	67	42	1	1	7.764337	48.915583	35	7	0	1	4	2	23	0	4	
327	GUNGWILLER	67178		0	0	67	42	1	1	7.157929	48.881569	6	4	0	1	1	4	10	0	9	
328	HAEGEN	67179		0	0	67	42	1	1	7.339208	48.714543	13	4	0	1	5	4	31	0	9	
329	HANDSCHUHEIM	67181		0	0	67	42	1	1	7.578148	48.603174	31	6	0	2	6	3	9	0	10	
330	HANGENBIETEN	67182		0	0	67	42	1	1	7.613234	48.559537	43	6	0	2	6	3	11	0	10	
331	HARSKIRCHEN	67183		0	0	67	42	1	1	7.040054	48.934080	20	4	0	1	1	4	30	0	9	
332	HATTEN	67184		0	0	67	42	1	1	7.980372	48.901329	26	7	0	1	3	6	16	0	12	
333	HATTMATT	67185		0	0	67	42	1	1	7.422372	48.791074	21	4	0	1	5	4	7	0	9	
334	HEGENEY	67186		0	0	67	42	1	1	7.740545	48.890541	35	7	0	1	4	2	23	0	4	
335	HEIDOLSHEIM	67187		0	0	67	42	1	1	7.516720	48.200982	12	5	0	3	9	5	24	0	7	
336	HEILIGENBERG	67188		0	0	67	42	1	1	7.391514	48.537679	14	3	0	2	7	3	26	0	5	
337	HEILIGENSTEIN	67189		0	0	67	42	1	1	7.451059	48.420502	1	5	0	3	8	5	1	0	7	
338	HENGWILLER	67190		0	0	67	42	1	1	7.332953	48.667372	13	4	0	1	5	4	7	0	9	
339	HERBITZHEIM	67191		0	0	67	42	1	1	7.082807	49.014948	20	4	0	1	1	4	0	0	9	
340	HERBSHEIM	67192		0	0	67	42	1	1	7.631970	48.349797	2	5	0	3	8	5	2	0	7	
341	HERRLISHEIM	67194		0	0	67	42	1	1	7.906799	48.730064	3	2	0	1	4	2	17	0	4	
342	HESSENHEIM	67195		0	0	67	42	1	1	7.551086	48.209419	12	5	0	3	9	5	24	0	7	
343	HILSENHEIM	67196		0	0	67	42	1	1	7.567212	48.289771	12	5	0	3	9	5	35	0	7	
344	HINDISHEIM	67197		0	0	67	42	1	1	7.638570	48.468596	7	5	0	2	8	3	12	0	7	
345	HINSBOURG	67198		0	0	67	42	1	1	7.288919	48.906427	17	4	0	1	2	4	21	0	9	
346	HINSINGEN	67199		0	0	67	42	1	1	6.993446	48.953229	20	4	0	1	1	4	30	0	9	
347	HIPSHEIM	67200		0	0	67	42	1	1	7.675081	48.466648	7	5	0	2	8	3	12	0	7	
348	HIRSCHLAND	67201		0	0	67	42	1	1	7.114093	48.837176	6	4	0	1	1	1	10	0	9	
349	HOCHFELDEN	67202		0	0	67	42	1	1	7.566331	48.757098	10	6	0	1	5	4	18	0	9	
350	HOCHSTETT	67203		0	0	67	42	1	1	7.678641	48.779203	9	2	0	1	4	2	3	0	4	
351	HOENHEIM	67204		0	0	67	42	1	1	7.755302	48.621411	44	6	0	2	6	3	-1	0	10	
352	HOFFEN	67206		0	0	67	42	1	1	7.942234	48.928197	26	7	0	1	3	6	16	0	12	
353	HOHATZENHEIM	67207		0	0	67	42	1	1	7.615773	48.712187	10	6	0	1	5	3	18	0	9	
354	HOHENGOEFT	67208		0	0	67	42	1	1	7.473322	48.661758	13	4	0	1	5	4	38	0	9	
355	HOHFRANKENHEIM	67209		0	0	67	42	1	1	7.576206	48.729368	10	6	0	1	5	4	18	0	9	
356	LE HOHWALD	67210		0	0	67	42	1	1	7.330123	48.403557	1	5	0	3	8	5	1	0	7	
357	HOLTZHEIM	67212		0	0	67	42	1	1	7.643048	48.558437	8	6	0	2	6	3	-1	0	10	
358	HUNSPACH	67213		0	0	67	42	1	1	7.940733	48.952901	26	7	0	1	3	6	16	0	12	
359	HURTIGHEIM	67214		0	0	67	42	1	1	7.591220	48.617198	31	6	0	2	6	3	9	0	10	
360	HUTTENDORF	67215		0	0	67	42	1	1	7.643578	48.801846	9	2	0	1	4	2	3	0	4	
361	HUTTENHEIM	67216		0	0	67	42	1	1	7.578472	48.357933	2	5	0	3	8	5	2	0	7	
362	ICHTRATZHEIM	67217		0	0	67	42	1	1	7.679435	48.476809	7	5	0	2	6	3	-1	0	7	
363	ILLKIRCH-GRAFFENSTADEN	67218		0	0	67	42	1	1	7.711079	48.529343	42	6	0	2	6	3	-1	0	10	
364	INGENHEIM	67220		0	0	67	42	1	1	7.520824	48.733951	10	6	0	1	5	4	18	0	9	
365	INGOLSHEIM	67221		0	0	67	42	1	1	7.936955	48.973942	26	7	0	1	3	6	16	0	12	
366	INNENHEIM	67223		0	0	67	42	1	1	7.572978	48.495744	16	5	0	2	7	3	-1	0	5	
367	ISSENHAUSEN	67225		0	0	67	42	1	1	7.536942	48.805916	10	6	0	1	2	4	5	0	9	
368	ITTENHEIM	67226		0	0	67	42	1	1	7.595420	48.604525	43	6	0	2	6	3	9	0	10	
369	ITTERSWILLER	67227		0	0	67	42	1	1	7.431195	48.363884	1	5	0	3	9	5	1	0	7	
370	NEUGARTHEIM-ITTLENHEIM	67228		0	0	67	42	1	1	7.537324	48.663173	31	6	0	2	5	3	9	0	10	
371	JETTERSWILLER	67229		0	0	67	42	1	1	7.414814	48.669852	13	4	0	1	5	4	7	0	9	
372	KALTENHOUSE	67230		0	0	67	42	1	1	7.834645	48.791581	9	2	0	1	4	2	4	0	4	
373	KAUFFENHEIM	67231		0	0	67	42	1	1	8.027024	48.853699	3	2	0	1	4	2	28	0	4	
374	KEFFENACH	67232		0	0	67	42	1	1	7.880816	48.964805	26	7	0	1	3	6	16	0	12	
375	KERTZFELD	67233		0	0	67	42	1	1	7.569245	48.380195	2	5	0	3	8	5	2	0	7	
376	KESKASTEL	67234		0	0	67	42	1	1	7.043679	48.970562	20	4	0	1	1	4	30	0	9	
377	KESSELDORF	67235		0	0	67	42	1	1	8.068680	48.875332	25	7	0	1	3	2	34	0	4	
378	KIENHEIM	67236		0	0	67	42	1	1	7.578671	48.689061	31	6	0	2	5	3	9	0	10	
379	KILSTETT	67237		0	0	67	42	1	1	7.856656	48.674680	5	6	0	1	6	3	-1	0	4	
380	KINDWILLER	67238		0	0	67	42	1	1	7.596150	48.862435	15	2	0	1	2	2	22	0	4	
381	KINTZHEIM	67239		0	0	67	42	1	1	7.395253	48.254659	24	5	0	3	9	5	33	0	7	
382	KIRCHHEIM	67240		0	0	67	42	1	1	7.496860	48.609911	33	3	0	2	7	3	38	0	5	
383	KIRRBERG	67241		0	0	67	42	1	1	7.064386	48.822378	6	4	0	1	1	1	51	0	9	
384	KIRRWILLER-BOSSELSHAUSEN	67242		0	0	67	42	1	1	7.529250	48.815446	4	4	0	1	2	4	5	0	9	
385	KLEINGOEFT	67244		0	0	67	42	1	1	7.443177	48.691430	13	4	0	1	5	4	7	0	9	
386	KNOERSHEIM	67245		0	0	67	42	1	1	7.461216	48.680500	13	4	0	1	5	4	7	0	9	
387	KOGENHEIM	67246		0	0	67	42	1	1	7.544513	48.336919	2	5	0	3	9	5	2	0	7	
388	KOLBSHEIM	67247		0	0	67	42	1	1	7.588697	48.561125	8	6	0	2	6	3	11	0	10	
389	KRAUTERGERSHEIM	67248		0	0	67	42	1	1	7.566082	48.476168	16	5	0	2	8	3	-1	0	7	
390	KRAUTWILLER	67249		0	0	67	42	1	1	7.685618	48.737259	5	6	0	1	4	2	6	0	4	
391	KRIEGSHEIM	67250		0	0	67	42	1	1	7.728209	48.757759	5	6	0	1	4	2	6	0	4	
392	KURTZENHOUSE	67252		0	0	67	42	1	1	7.803133	48.740521	5	6	0	1	4	2	19	0	4	
393	KUTTOLSHEIM	67253		0	0	67	42	1	1	7.525033	48.643649	31	6	0	2	5	3	38	0	10	
394	KUTZENHAUSEN	67254		0	0	67	42	1	1	7.857022	48.934337	26	7	0	1	3	6	23	0	12	
395	LALAYE	67255		0	0	67	42	1	1	7.264520	48.330043	32	5	0	3	9	5	37	0	7	
396	LAMPERTHEIM	67256		0	0	67	42	1	1	7.700402	48.650456	43	6	0	2	6	3	-1	0	10	
397	LAMPERTSLOCH	67257		0	0	67	42	1	1	7.817727	48.956520	35	7	0	1	3	6	23	0	12	
398	LANDERSHEIM	67258		0	0	67	42	1	1	7.493303	48.689399	13	4	0	1	5	4	7	0	9	
399	LANGENSOULTZBACH	67259		0	0	67	42	1	1	7.733733	48.968116	35	7	0	1	3	2	23	0	12	
400	LAUBACH	67260		0	0	67	42	1	1	7.720690	48.881193	35	7	0	1	4	2	25	0	4	
401	LAUTERBOURG	67261		0	0	67	42	1	1	8.177230	48.974619	11	7	0	1	3	6	34	0	12	
402	LEMBACH	67263		0	0	67	42	1	1	7.789712	49.005842	34	7	0	1	3	6	23	0	12	
403	LEUTENHEIM	67264		0	0	67	42	1	1	8.019455	48.842724	3	2	0	1	4	2	28	0	4	
404	LICHTENBERG	67265		0	0	67	42	1	1	7.481805	48.920813	17	4	0	1	2	4	21	0	9	
405	LIMERSHEIM	67266		0	0	67	42	1	1	7.644994	48.454471	7	5	0	2	8	3	12	0	7	
406	LINGOLSHEIM	67267		0	0	67	42	1	1	7.682223	48.556989	42	6	0	2	6	3	-1	0	10	
407	LIPSHEIM	67268		0	0	67	42	1	1	7.666431	48.492279	8	6	0	2	6	3	-1	0	10	
408	LITTENHEIM	67269		0	0	67	42	1	1	7.488045	48.728384	21	4	0	1	5	4	7	0	9	
409	LIXHAUSEN	67270		0	0	67	42	1	1	7.548519	48.794085	10	6	0	1	5	4	18	0	9	
410	LOBSANN	67271		0	0	67	42	1	1	7.843510	48.964169	26	7	0	1	3	6	23	0	12	
411	LOCHWILLER	67272		0	0	67	42	1	1	7.416257	48.696231	13	4	0	1	5	4	7	0	9	
412	LOHR	67273		0	0	67	42	1	1	7.243165	48.858244	17	4	0	1	1	4	21	0	9	
413	LORENTZEN	67274		0	0	67	42	1	1	7.176479	48.952275	20	4	0	1	1	4	8	0	9	
414	LUPSTEIN	67275		0	0	67	42	1	1	7.485518	48.736388	21	4	0	1	5	4	7	0	9	
415	LUTZELHOUSE	67276		0	0	67	42	1	1	7.287852	48.519621	14	3	0	2	7	3	36	0	5	
416	MACKENHEIM	67277		0	0	67	42	1	1	7.565551	48.184286	12	5	0	3	9	5	24	0	7	
417	MACKWILLER	67278		0	0	67	42	1	1	7.174721	48.926196	6	4	0	1	1	4	8	0	9	
418	MAENNOLSHEIM	67279		0	0	67	42	1	1	7.463163	48.699730	21	4	0	1	5	4	7	0	9	
419	MAISONSGOUTTE	67280		0	0	67	42	1	1	7.263989	48.353323	32	5	0	3	9	5	37	0	7	
420	MARCKOLSHEIM	67281		0	0	67	42	1	1	7.544126	48.164565	12	5	0	3	9	5	24	0	7	
421	MARLENHEIM	67282		0	0	67	42	1	1	7.489390	48.621818	33	3	0	2	5	3	38	0	5	
422	MARMOUTIER	67283		0	0	67	42	1	1	7.380904	48.691043	13	4	0	1	5	4	7	0	9	
423	MATZENHEIM	67285		0	0	67	42	1	1	7.622149	48.395728	2	5	0	3	8	5	12	0	7	
424	MEISTRATZHEIM	67286		0	0	67	42	1	1	7.547657	48.450683	16	5	0	2	8	3	27	0	7	
425	MELSHEIM	67287		0	0	67	42	1	1	7.522214	48.757126	10	6	0	1	5	4	18	0	9	
426	MEMMELSHOFFEN	67288		0	0	67	42	1	1	7.871493	48.960528	26	7	0	1	3	6	16	0	12	
427	MENCHHOFFEN	67289		0	0	67	42	1	1	7.495892	48.859161	4	4	0	1	2	4	20	0	9	
428	MERKWILLER-PECHELBRONN	67290		0	0	67	42	1	1	7.827700	48.938557	26	7	0	1	3	6	23	0	12	
429	MERTZWILLER	67291		0	0	67	42	1	1	7.679155	48.862229	15	2	0	1	4	2	25	0	4	
430	MIETESHEIM	67292		0	0	67	42	1	1	7.639930	48.878645	15	2	0	1	4	2	25	0	4	
431	MINVERSHEIM	67293		0	0	67	42	1	1	7.622170	48.786120	10	6	0	1	4	2	18	0	9	
432	MITTELBERGHEIM	67295		0	0	67	42	1	1	7.441869	48.396255	1	5	0	3	8	5	1	0	7	
433	MITTELHAUSBERGEN	67296		0	0	67	42	1	1	7.690611	48.614007	43	6	0	2	6	3	-1	0	10	
434	MITTELHAUSEN	67297		0	0	67	42	1	1	7.631247	48.708920	10	6	0	1	5	3	3	0	9	
435	MITTELSCHAEFFOLSHEIM	67298		0	0	67	42	1	1	7.652999	48.700606	5	6	0	1	6	3	3	0	4	
436	MOLLKIRCH	67299		0	0	67	42	1	1	7.385458	48.506503	18	3	0	2	7	3	36	0	5	
437	MOLSHEIM	67300		0	0	67	42	1	1	7.491980	48.540236	14	3	0	2	7	3	26	0	5	
438	MOMMENHEIM	67301		0	0	67	42	1	1	7.642342	48.757713	5	6	0	1	4	2	3	0	4	
439	MONSWILLER	67302		0	0	67	42	1	1	7.377274	48.754777	21	4	0	1	5	4	7	0	9	
440	MORSBRONN-LES-BAINS	67303		0	0	67	42	1	1	7.743328	48.900922	35	7	0	1	4	2	23	0	4	
441	MORSCHWILLER	67304		0	0	67	42	1	1	7.625935	48.820652	9	2	0	1	4	2	22	0	4	
442	MOTHERN	67305		0	0	67	42	1	1	8.154180	48.935621	25	7	0	1	3	6	34	0	12	
443	MUHLBACH-SUR-BRUCHE	67306		0	0	67	42	1	1	7.296759	48.516405	14	3	0	2	7	3	36	0	5	
444	MULHAUSEN	67307		0	0	67	42	1	1	7.553267	48.882544	4	4	0	1	2	4	20	0	4	
445	MUNCHHAUSEN	67308		0	0	67	42	1	1	8.147787	48.919651	25	7	0	1	3	6	34	0	12	
446	MUNDOLSHEIM	67309		0	0	67	42	1	1	7.714848	48.641742	43	6	0	2	6	3	-1	0	10	
447	MUSSIG	67310		0	0	67	42	1	1	7.519979	48.229850	12	5	0	3	9	5	35	0	7	
448	MUTTERSHOLTZ	67311		0	0	67	42	1	1	7.535963	48.266890	12	5	0	3	9	5	35	0	7	
449	MUTZENHOUSE	67312		0	0	67	42	1	1	7.589111	48.740293	10	6	0	1	5	4	18	0	9	
450	MUTZIG	67313		0	0	67	42	1	1	7.456060	48.539802	14	3	0	2	7	3	26	0	5	
451	NATZWILLER	67314		0	0	67	42	1	1	7.260085	48.436578	23	3	0	2	7	3	32	0	5	
452	NEEWILLER-PRES-LAUTERBOURG	67315		0	0	67	42	1	1	8.125594	48.954712	11	7	0	1	3	6	34	0	12	
453	NEUBOIS	67317		0	0	67	42	1	1	7.339754	48.306024	32	5	0	3	9	5	37	0	7	
454	NEUHAEUSEL	67319		0	0	67	42	1	1	8.086051	48.824299	3	2	0	1	4	2	28	0	4	
455	NEUVE-EGLISE	67320		0	0	67	42	1	1	7.313084	48.329590	32	5	0	3	9	5	37	0	7	
456	NEUVILLER-LA-ROCHE	67321		0	0	67	42	1	1	7.239346	48.439454	23	3	0	2	7	3	32	0	5	
457	NEUWILLER-LES-SAVERNE	67322		0	0	67	42	1	1	7.404308	48.824505	4	4	0	1	2	4	5	0	9	
458	NIEDERBRONN-LES-BAINS	67324		0	0	67	42	1	1	7.642968	48.951129	15	2	0	1	2	2	25	0	4	
459	NIEDERHASLACH	67325		0	0	67	42	1	1	7.340918	48.542491	14	3	0	2	7	3	36	0	5	
460	NIEDERHAUSBERGEN	67326		0	0	67	42	1	1	7.701306	48.623019	43	6	0	2	6	3	-1	0	10	
461	NIEDERLAUTERBACH	67327		0	0	67	42	1	1	8.098551	48.970782	11	7	0	1	3	6	34	0	12	
462	NIEDERMODERN	67328		0	0	67	42	1	1	7.627844	48.845562	4	4	0	1	4	2	22	0	4	
463	NIEDERNAI	67329		0	0	67	42	1	1	7.514919	48.448222	16	5	0	2	8	3	27	0	7	
464	NIEDERROEDERN	67330		0	0	67	42	1	1	8.047198	48.905791	25	7	0	1	3	6	34	0	12	
465	NIEDERSCHAEFFOLSHEIM	67331		0	0	67	42	1	1	7.739211	48.772418	9	2	0	1	4	2	4	0	4	
466	NIEDERSOULTZBACH	67333		0	0	67	42	1	1	7.467179	48.848922	4	4	0	1	2	4	5	0	9	
467	NIEDERSTEINBACH	67334		0	0	67	42	1	1	7.711583	49.030286	34	7	0	1	3	6	23	0	12	
468	NORDHEIM	67335		0	0	67	42	1	1	7.510256	48.635264	33	3	0	2	5	3	38	0	5	
469	NORDHOUSE	67336		0	0	67	42	1	1	7.672789	48.447746	7	5	0	2	8	3	12	0	7	
470	NOTHALTEN	67337		0	0	67	42	1	1	7.419493	48.351625	1	5	0	3	9	5	1	0	7	
471	OBENHEIM	67338		0	0	67	42	1	1	7.689876	48.359567	7	5	0	2	8	3	14	0	7	
472	BETSCHDORF	67339		0	0	67	42	1	1	7.902065	48.898728	26	7	0	1	3	2	16	0	12	
473	OBERBRONN	67340		0	0	67	42	1	1	7.607551	48.940830	15	2	0	1	2	2	25	0	4	
474	OBERDORF-SPACHBACH	67341		0	0	67	42	1	1	7.756444	48.925458	35	7	0	1	3	2	23	0	4	
475	OBERHASLACH	67342		0	0	67	42	1	1	7.330306	48.550058	14	3	0	2	7	3	36	0	5	
476	OBERHAUSBERGEN	67343		0	0	67	42	1	1	7.685400	48.606420	43	6	0	2	6	3	-1	0	10	
477	OBERHOFFEN-LES-WISSEMBOURG	67344		0	0	67	42	1	1	7.920282	49.016216	34	7	0	1	3	6	39	0	12	
478	OBERHOFFEN-SUR-MODER	67345		0	0	67	42	1	1	7.863032	48.782623	3	2	0	1	4	2	4	0	4	
479	OBERLAUTERBACH	67346		0	0	67	42	1	1	8.068093	48.949621	25	7	0	1	3	6	34	0	12	
480	OBERMODERN-ZUTZENDORF	67347		0	0	67	42	1	1	7.538792	48.844639	4	4	0	1	2	4	5	0	9	
481	OBERROEDERN	67349		0	0	67	42	1	1	7.972176	48.921469	26	7	0	1	3	6	16	0	12	
482	OBERSCHAEFFOLSHEIM	67350		0	0	67	42	1	1	7.649484	48.584485	43	6	0	2	6	3	-1	0	10	
483	SEEBACH	67351		0	0	67	42	1	1	7.987500	48.970528	34	7	0	1	3	6	16	0	12	
484	OBERSOULTZBACH	67352		0	0	67	42	1	1	7.449819	48.851315	4	4	0	1	2	4	5	0	9	
485	OBERSTEINBACH	67353		0	0	67	42	1	1	7.688299	49.035894	34	7	0	1	3	6	23	0	12	
486	ODRATZHEIM	67354		0	0	67	42	1	1	7.489631	48.600855	33	3	0	2	7	3	38	0	5	
487	OERMINGEN	67355		0	0	67	42	1	1	7.128214	49.000559	20	4	0	1	1	4	30	0	9	
488	OFFENDORF	67356		0	0	67	42	1	1	7.910719	48.712000	3	2	0	1	4	2	17	0	4	
489	OFFWILLER	67358		0	0	67	42	1	1	7.544165	48.910533	15	2	0	1	2	2	20	0	4	
490	OHLUNGEN	67359		0	0	67	42	1	1	7.699015	48.811961	9	2	0	1	4	2	22	0	4	
491	OHNENHEIM	67360		0	0	67	42	1	1	7.507338	48.183900	12	5	0	3	9	5	24	0	7	
492	OLWISHEIM	67361		0	0	67	42	1	1	7.673203	48.696891	5	6	0	1	6	3	3	0	4	
493	ORSCHWILLER	67362		0	0	67	42	1	1	7.384682	48.240880	24	5	0	3	9	5	33	0	7	
494	OSTHOFFEN	67363		0	0	67	42	1	1	7.556754	48.586749	31	6	0	2	6	3	12	0	10	
495	OSTHOUSE	67364		0	0	67	42	1	1	7.643468	48.401850	7	5	0	2	8	3	12	0	7	
496	OSTWALD	67365		0	0	67	42	1	1	7.710813	48.543401	42	6	0	2	6	3	-1	0	10	
497	OTTERSTHAL	67366		0	0	67	42	1	1	7.347262	48.754906	21	4	0	1	5	4	31	0	9	
498	OTTERSWILLER	67367		0	0	67	42	1	1	7.377652	48.725574	13	4	0	1	5	4	31	0	9	
499	OTTROTT	67368		0	0	67	42	1	1	7.424833	48.456948	18	3	0	2	7	3	29	0	5	
500	OTTWILLER	67369		0	0	67	42	1	1	7.230022	48.864820	6	4	0	1	1	4	10	0	9	
501	PETERSBACH	67370		0	0	67	42	1	1	7.268302	48.869092	17	4	0	1	1	4	21	0	9	
502	LA PETITE-PIERRE	67371		0	0	67	42	1	1	7.320482	48.857994	17	4	0	1	2	4	21	0	9	
503	PFAFFENHOFFEN	67372		0	0	67	42	1	1	7.613445	48.844224	4	4	0	1	4	2	22	0	4	
504	PFALZWEYER	67373		0	0	67	42	1	1	7.258782	48.805540	17	4	0	1	1	4	10	0	9	
505	PFETTISHEIM	67374		0	0	67	42	1	1	7.646643	48.659976	31	6	0	2	6	3	9	0	10	
506	PFULGRIESHEIM	67375		0	0	67	42	1	1	7.670687	48.644221	31	6	0	2	6	3	9	0	10	
507	PLAINE	67377		0	0	67	42	1	1	7.149010	48.413500	19	3	0	2	7	3	32	0	5	
508	PLOBSHEIM	67378		0	0	67	42	1	1	7.723657	48.469866	8	6	0	2	6	3	-1	0	10	
509	PREUSCHDORF	67379		0	0	67	42	1	1	7.798073	48.944249	35	7	0	1	3	6	23	0	12	
510	PRINTZHEIM	67380		0	0	67	42	1	1	7.478650	48.790826	21	4	0	1	5	4	5	0	9	
511	PUBERG	67381		0	0	67	42	1	1	7.314325	48.913134	17	4	0	1	2	4	21	0	9	
512	QUATZENHEIM	67382		0	0	67	42	1	1	7.574248	48.626443	31	6	0	2	6	3	9	0	10	
513	RANGEN	67383		0	0	67	42	1	1	7.477080	48.665902	13	4	0	1	5	4	38	0	9	
514	RANRUPT	67384		0	0	67	42	1	1	7.198221	48.374043	19	3	0	2	7	3	32	0	5	
515	RATZWILLER	67385		0	0	67	42	1	1	7.239253	48.953769	20	4	0	1	1	4	8	0	9	
516	RAUWILLER	67386		0	0	67	42	1	1	7.109786	48.811027	6	4	0	1	1	1	-1	0	9	
517	REICHSFELD	67387		0	0	67	42	1	1	7.383982	48.367178	1	5	0	3	9	5	1	0	7	
518	REICHSHOFFEN	67388		0	0	67	42	1	1	7.664542	48.932086	15	2	0	1	2	2	25	0	4	
519	REICHSTETT	67389		0	0	67	42	1	1	7.753558	48.648317	43	6	0	2	6	3	-1	0	10	
520	REINHARDSMUNSTER	67391		0	0	67	42	1	1	7.316839	48.676865	13	4	0	1	5	4	7	0	9	
521	REIPERTSWILLER	67392		0	0	67	42	1	1	7.463737	48.931693	17	4	0	1	2	4	21	0	9	
522	RETSCHWILLER	67394		0	0	67	42	1	1	7.878656	48.949959	26	7	0	1	3	6	16	0	12	
523	REUTENBOURG	67395		0	0	67	42	1	1	7.406885	48.685220	13	4	0	1	5	4	7	0	9	
524	REXINGEN	67396		0	0	67	42	1	1	7.181177	48.901813	6	4	0	1	1	4	8	0	9	
525	RHINAU	67397		0	0	67	42	1	1	7.703609	48.320142	2	5	0	3	8	5	14	0	7	
526	RICHTOLSHEIM	67398		0	0	67	42	1	1	7.594404	48.225224	12	5	0	3	9	5	35	0	7	
527	RIEDSELTZ	67400		0	0	67	42	1	1	7.953148	48.994346	34	7	0	1	3	6	16	0	12	
528	RIMSDORF	67401		0	0	67	42	1	1	7.125574	48.929130	20	4	0	1	1	4	8	0	9	
529	RINGELDORF	67402		0	0	67	42	1	1	7.608181	48.825427	10	6	0	1	4	2	22	0	9	
530	RINGENDORF	67403		0	0	67	42	1	1	7.555793	48.808208	10	6	0	1	5	4	18	0	9	
531	RITTERSHOFFEN	67404		0	0	67	42	1	1	7.954918	48.902910	26	7	0	1	3	6	16	0	12	
532	ROESCHWOOG	67405		0	0	67	42	1	1	8.039771	48.824806	3	2	0	1	4	2	28	0	4	
533	ROHR	67406		0	0	67	42	1	1	7.545565	48.695490	31	6	0	2	5	3	18	0	10	
534	ROHRWILLER	67407		0	0	67	42	1	1	7.905912	48.755983	3	2	0	1	4	2	17	0	4	
535	ROMANSWILLER	67408		0	0	67	42	1	1	7.408843	48.645839	33	3	0	2	5	4	38	0	9	
536	ROPPENHEIM	67409		0	0	67	42	1	1	8.055256	48.843121	3	2	0	1	4	2	28	0	4	
537	ROSENWILLER	67410		0	0	67	42	1	1	7.441557	48.506098	18	3	0	2	7	3	29	0	5	
538	ROSHEIM	67411		0	0	67	42	1	1	7.471458	48.496733	18	3	0	2	7	3	29	0	5	
539	ROSSFELD	67412		0	0	67	42	1	1	7.616607	48.339805	2	5	0	3	8	5	2	0	7	
540	ROSTEIG	67413		0	0	67	42	1	1	7.338670	48.932651	17	4	0	1	2	4	21	0	9	
541	ROTHAU	67414		0	0	67	42	1	1	7.207098	48.456590	23	3	0	2	7	3	32	0	5	
542	ROTHBACH	67415		0	0	67	42	1	1	7.528576	48.907642	15	2	0	1	2	2	20	0	4	
543	ROTT	67416		0	0	67	42	1	1	7.909321	49.023507	34	7	0	1	3	6	39	0	12	
544	ROTTELSHEIM	67417		0	0	67	42	1	1	7.715198	48.756326	5	6	0	1	4	2	6	0	4	
545	ROUNTZENHEIM	67418		0	0	67	42	1	1	8.006468	48.821865	3	2	0	1	4	2	28	0	4	
546	RUSS	67420		0	0	67	42	1	1	7.259307	48.495433	23	3	0	2	7	3	32	0	5	
547	SAALES	67421		0	0	67	42	1	1	7.105764	48.348121	19	3	0	2	7	3	50	0	5	
548	SAASENHEIM	67422		0	0	67	42	1	1	7.619323	48.236953	12	5	0	3	9	5	35	0	7	
549	SAESSOLSHEIM	67423		0	0	67	42	1	1	7.512067	48.706330	10	6	0	1	5	4	18	0	9	
550	SAINT-BLAISE-LA-ROCHE	67424		0	0	67	42	1	1	7.161474	48.404085	19	3	0	2	7	3	32	0	5	
551	SAINT-JEAN-SAVERNE	67425		0	0	67	42	1	1	7.360832	48.769367	21	4	0	1	5	4	7	0	9	
552	SAINT-MARTIN	67426		0	0	67	42	1	1	-2.253624	47.745687	32	5	0	3	9	5	37	0	7	
553	SAINT-MAURICE	67427		0	0	67	42	1	1	3.237512	45.670863	32	5	0	3	9	5	37	0	7	
554	SAINT-NABOR	67428		0	0	67	42	1	1	7.423756	48.445807	18	3	0	2	8	3	27	0	5	
555	SAINT-PIERRE	67429		0	0	67	42	1	1	7.470763	48.382999	1	5	0	3	8	5	1	0	7	
556	SAINT-PIERRE-BOIS	67430		0	0	67	42	1	1	7.360694	48.330263	32	5	0	3	9	5	37	0	7	
557	SALENTHAL	67431		0	0	67	42	1	1	7.369996	48.667097	13	4	0	1	5	4	7	0	9	
558	SALMBACH	67432		0	0	67	42	1	1	8.076016	48.976561	11	7	0	1	3	6	16	0	12	
559	SAND	67433		0	0	67	42	1	1	7.613710	48.382789	2	5	0	3	8	5	2	0	7	
560	SARRE-UNION	67434		0	0	67	42	1	1	7.089322	48.940342	20	4	0	1	1	4	30	0	9	
561	SARREWERDEN	67435		0	0	67	42	1	1	7.082146	48.922972	20	4	0	1	1	4	30	0	9	
562	SAULXURES	67436		0	0	67	42	1	1	7.130473	48.392499	19	3	0	2	7	3	32	0	5	
563	SCHAEFFERSHEIM	67438		0	0	67	42	1	1	7.622850	48.428037	7	5	0	2	8	3	12	0	7	
564	SCHAFFHOUSE-SUR-ZORN	67439		0	0	67	42	1	1	7.564217	48.732435	10	6	0	1	5	4	18	0	9	
565	SCHAFFHOUSE-PRES-SELTZ	67440		0	0	67	42	1	1	8.099408	48.909043	25	7	0	1	3	6	34	0	12	
566	SCHALKENDORF	67441		0	0	67	42	1	1	7.560233	48.832561	4	4	0	1	2	4	22	0	9	
567	SCHARRACHBERGHEIM-IRMSTETT	67442		0	0	67	42	1	1	7.490097	48.592693	33	3	0	2	7	3	38	0	5	
568	SCHEIBENHARD	67443		0	0	67	42	1	1	8.134540	48.976518	11	7	0	1	3	6	34	0	12	
569	SCHERLENHEIM	67444		0	0	67	42	1	1	7.534837	48.764234	10	6	0	1	5	4	18	0	9	
570	SCHERWILLER	67445		0	0	67	42	1	1	7.420876	48.287364	24	5	0	3	9	5	33	0	7	
571	SCHILLERSDORF	67446		0	0	67	42	1	1	7.523407	48.871593	4	4	0	1	2	4	20	0	9	
572	SCHIRRHEIN	67449		0	0	67	42	1	1	7.907054	48.801750	3	2	0	1	4	2	4	0	4	
573	SCHIRRHOFFEN	67450		0	0	67	42	1	1	7.921949	48.806749	3	2	0	1	4	2	4	0	4	
574	SCHLEITHAL	67451		0	0	67	42	1	1	8.042154	48.988557	34	7	0	1	3	6	16	0	12	
575	SCHNERSHEIM	67452		0	0	67	42	1	1	7.567037	48.657394	31	6	0	2	5	3	9	0	10	
576	SCHOENAU	67453		0	0	67	42	1	1	7.645870	48.222989	12	5	0	3	9	5	35	0	7	
577	SCHOENBOURG	67454		0	0	67	42	1	1	7.268337	48.833327	17	4	0	1	1	4	21	0	9	
578	SCHOENENBOURG	67455		0	0	67	42	1	1	7.913777	48.951705	26	7	0	1	3	6	16	0	12	
579	SCHOPPERTEN	67456		0	0	67	42	1	1	7.051918	48.945157	20	4	0	1	1	4	30	0	9	
580	SCHWEIGHOUSE-SUR-MODER	67458		0	0	67	42	1	1	7.736371	48.821373	9	2	0	1	4	2	22	0	4	
581	SCHWENHEIM	67459		0	0	67	42	1	1	7.412667	48.712820	13	4	0	1	5	4	31	0	9	
582	SCHWINDRATZHEIM	67460		0	0	67	42	1	1	7.598602	48.754891	10	6	0	1	4	4	18	0	9	
583	SCHWOBSHEIM	67461		0	0	67	42	1	1	7.576656	48.232424	12	5	0	3	9	5	35	0	7	
584	SELTZ	67463		0	0	67	42	1	1	8.106214	48.895064	25	7	0	1	3	6	34	0	12	
585	SERMERSHEIM	67464		0	0	67	42	1	1	7.552773	48.345778	2	5	0	3	8	5	2	0	7	
586	SESSENHEIM	67465		0	0	67	42	1	1	7.986283	48.799675	3	2	0	1	4	2	28	0	4	
587	SIEGEN	67466		0	0	67	42	1	1	8.043235	48.958383	25	7	0	1	3	6	34	0	12	
588	SIEWILLER	67467		0	0	67	42	1	1	7.202707	48.842720	6	4	0	1	1	4	10	0	9	
589	SILTZHEIM	67468		0	0	67	42	1	1	7.093602	49.062176	20	4	0	1	1	4	0	0	9	
590	SINGRIST	67469		0	0	67	42	1	1	7.387710	48.670236	13	4	0	1	5	4	7	0	9	
591	SOLBACH	67470		0	0	67	42	1	1	7.204585	48.427152	23	3	0	2	7	3	32	0	5	
592	SOUFFELWEYERSHEIM	67471		0	0	67	42	1	1	7.741253	48.635416	43	6	0	2	6	3	-1	0	10	
593	SOUFFLENHEIM	67472		0	0	67	42	1	1	7.958669	48.829801	3	2	0	1	4	2	28	0	4	
594	SOULTZ-LES-BAINS	67473		0	0	67	42	1	1	7.487065	48.571829	14	3	0	2	7	3	12	0	5	
595	SOULTZ-SOUS-FORETS	67474		0	0	67	42	1	1	7.884204	48.937381	26	7	0	1	3	6	16	0	12	
596	SPARSBACH	67475		0	0	67	42	1	1	7.415570	48.877637	17	4	0	1	2	4	20	0	9	
597	STATTMATTEN	67476		0	0	67	42	1	1	8.001595	48.795629	3	2	0	1	4	2	28	0	4	
598	STEIGE	67477		0	0	67	42	1	1	7.238585	48.360663	32	5	0	3	9	5	37	0	7	
599	STEINBOURG	67478		0	0	67	42	1	1	7.413038	48.769953	21	4	0	1	5	4	7	0	9	
600	STEINSELTZ	67479		0	0	67	42	1	1	7.930752	49.010598	34	7	0	1	3	6	39	0	12	
601	STILL	67480		0	0	67	42	1	1	7.404656	48.549725	14	3	0	2	7	3	26	0	5	
602	STOTZHEIM	67481		0	0	67	42	1	1	7.487863	48.378226	1	5	0	3	8	5	1	0	7	
603	STRUTH	67483		0	0	67	42	1	1	7.254648	48.892078	17	4	0	1	1	4	21	0	9	
604	STUNDWILLER	67484		0	0	67	42	1	1	7.989926	48.925641	26	7	0	1	3	6	16	0	12	
605	STUTZHEIM-OFFENHEIM	67485		0	0	67	42	1	1	7.623572	48.628437	31	6	0	2	6	3	9	0	10	
606	SUNDHOUSE	67486		0	0	67	42	1	1	7.604828	48.251631	12	5	0	3	9	5	35	0	7	
607	SURBOURG	67487		0	0	67	42	1	1	7.849183	48.909950	26	7	0	1	3	2	16	0	4	
608	THAL-DRULINGEN	67488		0	0	67	42	1	1	7.145324	48.910274	6	4	0	1	1	4	8	0	9	
609	THAL-MARMOUTIER	67489		0	0	67	42	1	1	7.352200	48.702256	13	4	0	1	5	4	7	0	9	
610	THANVILLE	67490		0	0	67	42	1	1	7.349222	48.320146	32	5	0	3	9	5	37	0	7	
611	TIEFFENBACH	67491		0	0	67	42	1	1	7.250188	48.904107	17	4	0	1	1	4	21	0	9	
612	TRAENHEIM	67492		0	0	67	42	1	1	7.464855	48.595574	33	3	0	2	7	3	38	0	5	
613	TRIEMBACH-AU-VAL	67493		0	0	67	42	1	1	7.324904	48.337990	32	5	0	3	9	5	37	0	7	
614	TRIMBACH	67494		0	0	67	42	1	1	8.022543	48.939828	25	7	0	1	3	6	16	0	12	
615	TRUCHTERSHEIM	67495		0	0	67	42	1	1	7.607335	48.663163	31	6	0	2	6	3	9	0	10	
616	UBERACH	67496		0	0	67	42	1	1	7.629344	48.849296	15	2	0	1	4	2	22	0	4	
617	UHLWILLER	67497		0	0	67	42	1	1	7.673872	48.820815	9	2	0	1	4	2	22	0	4	
618	UHRWILLER	67498		0	0	67	42	1	1	7.577939	48.878616	15	2	0	1	2	2	22	0	4	
619	URBEIS	67499		0	0	67	42	1	1	7.222888	48.327019	32	5	0	3	9	5	37	0	7	
620	URMATT	67500		0	0	67	42	1	1	7.325428	48.526690	14	3	0	2	7	3	36	0	5	
621	UTTENHEIM	67501		0	0	67	42	1	1	7.596249	48.410359	7	5	0	2	8	3	12	0	7	
622	UTTENHOFFEN	67502		0	0	67	42	1	1	7.653626	48.892998	15	2	0	1	4	2	25	0	4	
623	UTTWILLER	67503		0	0	67	42	1	1	7.487993	48.847204	4	4	0	1	2	4	5	0	9	
624	VALFF	67504		0	0	67	42	1	1	7.519301	48.421915	16	5	0	2	8	3	1	0	7	
625	LA VANCELLE	67505		0	0	67	42	1	1	7.309048	48.284309	24	5	0	3	9	5	32	0	7	
626	VENDENHEIM	67506		0	0	67	42	1	1	7.707370	48.669544	5	6	0	1	6	3	-1	0	4	
627	VILLE	67507		0	0	67	42	1	1	7.301537	48.342765	32	5	0	3	9	5	37	0	7	
628	VOELLERDINGEN	67508		0	0	67	42	1	1	7.141563	48.960644	20	4	0	1	1	4	8	0	9	
629	VOLKSBERG	67509		0	0	67	42	1	1	7.298570	48.947561	6	4	0	1	1	4	8	0	9	
630	WAHLENHEIM	67510		0	0	67	42	1	1	7.684391	48.764699	9	2	0	1	4	2	3	0	4	
631	WALBOURG	67511		0	0	67	42	1	1	7.789394	48.886538	35	7	0	1	4	2	23	0	4	
632	LA WALCK	67512		0	0	67	42	1	1	7.609662	48.850756	15	2	0	1	4	2	22	0	4	
633	WALDERSBACH	67513		0	0	67	42	1	1	7.212726	48.413476	23	3	0	2	7	3	32	0	5	
634	WALDHAMBACH	67514		0	0	67	42	1	1	7.216131	48.926219	6	4	0	1	1	4	8	0	9	
635	WALDOLWISHEIM	67515		0	0	67	42	1	1	7.437865	48.733148	21	4	0	1	5	4	7	0	9	
636	WALTENHEIM-SUR-ZORN	67516		0	0	67	42	1	1	7.628263	48.747303	10	6	0	1	4	2	18	0	9	
637	WANGEN	67517		0	0	67	42	1	1	7.464302	48.616975	33	3	0	2	5	3	38	0	9	
638	LA WANTZENAU	67519		0	0	67	42	1	1	7.829664	48.657293	5	6	0	1	6	3	-1	0	4	
639	WASSELONNE	67520		0	0	67	42	1	1	7.448600	48.636693	33	3	0	2	5	4	38	0	9	
640	WEINBOURG	67521		0	0	67	42	1	1	7.440410	48.871019	4	4	0	1	2	4	20	0	9	
641	WEISLINGEN	67522		0	0	67	42	1	1	7.251622	48.918703	6	4	0	1	1	4	8	0	9	
642	WEITBRUCH	67523		0	0	67	42	1	1	7.777668	48.755373	9	2	0	1	4	2	19	0	4	
643	WEITERSWILLER	67524		0	0	67	42	1	1	7.413256	48.852881	17	4	0	1	2	4	5	0	9	
644	WESTHOFFEN	67525		0	0	67	42	1	1	7.444306	48.602254	33	3	0	2	5	4	38	0	9	
645	WESTHOUSE	67526		0	0	67	42	1	1	7.589481	48.396369	7	5	0	2	8	3	2	0	7	
646	WESTHOUSE-MARMOUTIER	67527		0	0	67	42	1	1	7.451477	48.686408	13	4	0	1	5	4	7	0	9	
647	WEYER	67528		0	0	67	42	1	1	7.160111	48.854680	6	4	0	1	1	1	10	0	9	
648	WEYERSHEIM	67529		0	0	67	42	1	1	7.799845	48.718228	5	6	0	1	4	2	19	0	4	
649	WICKERSHEIM-WILSHAUSEN	67530		0	0	67	42	1	1	7.532942	48.783179	10	6	0	1	5	4	18	0	9	
650	WILDERSBACH	67531		0	0	67	42	1	1	7.223556	48.437699	23	3	0	2	7	3	32	0	5	
651	WILLGOTTHEIM	67532		0	0	67	42	1	1	7.509975	48.670457	31	6	0	2	5	3	38	0	10	
652	WILWISHEIM	67534		0	0	67	42	1	1	7.508756	48.747434	10	6	0	1	5	4	7	0	9	
653	WIMMENAU	67535		0	0	67	42	1	1	7.414615	48.911697	17	4	0	1	2	4	20	0	9	
654	WINDSTEIN	67536		0	0	67	42	1	1	7.682462	48.992186	15	2	0	1	2	2	25	0	4	
655	WINGEN	67537		0	0	67	42	1	1	7.814715	49.025392	34	7	0	1	3	6	23	0	12	
656	WINGEN-SUR-MODER	67538		0	0	67	42	1	1	7.380459	48.918959	17	4	0	1	2	4	21	0	9	
657	WINGERSHEIM	67539		0	0	67	42	1	1	7.635914	48.721867	10	6	0	1	4	3	3	0	9	
658	WINTERSHOUSE	67540		0	0	67	42	1	1	7.699483	48.792440	9	2	0	1	4	2	22	0	4	
659	WINTZENBACH	67541		0	0	67	42	1	1	8.104128	48.934522	25	7	0	1	3	6	34	0	12	
660	WINTZENHEIM-KOCHERSBERG	67542		0	0	67	42	1	1	7.514656	48.658867	31	6	0	2	5	3	9	0	10	
661	WISCHES	67543		0	0	67	42	1	1	7.269065	48.508665	23	3	0	2	7	3	36	0	5	
662	WITTERNHEIM	67545		0	0	67	42	1	1	7.613069	48.313758	2	5	0	3	8	5	2	0	7	
663	WITTERSHEIM	67546		0	0	67	42	1	1	7.657744	48.781770	9	2	0	1	4	2	3	0	4	
664	WITTISHEIM	67547		0	0	67	42	1	1	7.589380	48.263429	12	5	0	3	9	5	35	0	7	
665	WIWERSHEIM	67548		0	0	67	42	1	1	7.607287	48.640173	31	6	0	2	6	3	9	0	10	
666	WOERTH	67550		0	0	67	42	1	1	7.744166	48.937169	35	7	0	1	3	2	23	0	12	
667	WOLFISHEIM	67551		0	0	67	42	1	1	7.669091	48.586993	43	6	0	2	6	3	-1	0	10	
668	WOLFSKIRCHEN	67552		0	0	67	42	1	1	7.075062	48.879617	20	4	0	1	1	4	30	0	9	
669	WOLSCHHEIM	67553		0	0	67	42	1	1	7.451042	48.702285	21	4	0	1	5	4	7	0	9	
670	WOLXHEIM	67554		0	0	67	42	1	1	7.512405	48.568578	14	3	0	2	7	3	12	0	5	
671	ZEHNACKER	67555		0	0	67	42	1	1	7.451207	48.671232	13	4	0	1	5	4	7	0	9	
672	ZEINHEIM	67556		0	0	67	42	1	1	7.486319	48.672499	13	4	0	1	5	4	38	0	9	
673	ZELLWILLER	67557		0	0	67	42	1	1	7.492371	48.398137	16	5	0	2	8	3	1	0	7	
674	ZINSWILLER	67558		0	0	67	42	1	1	7.589819	48.919723	15	2	0	1	2	2	25	0	4	
675	ZITTERSHEIM	67559		0	0	67	42	1	1	7.346161	48.900067	17	4	0	1	2	4	21	0	9	
676	ZOEBERSDORF	67560		0	0	67	42	1	1	7.526005	48.793315	10	6	0	1	5	4	5	0	9	
677	ALGOLSHEIM	68001		0	0	68	42	1	1	7.557624	48.006743	19	2	0	3	0	0	0	0	2	
678	ALTENACH	68002		0	0	68	42	1	1	7.113114	47.607700	5	1	0	4	0	0	0	0	1	
679	AMMERSCHWIHR	68005		0	0	68	42	1	1	7.281108	48.127513	12	5	0	3	0	0	0	0	2	
680	AMMERZWILLER	68006		0	0	68	42	1	1	7.168394	47.688768	5	1	0	4	0	0	0	0	1	
681	ANDOLSHEIM	68007		0	0	68	42	1	1	7.416109	48.061842	2	2	0	3	0	0	0	0	2	
682	APPENWIHR	68008		0	0	68	42	1	1	7.439143	48.028213	19	2	0	3	0	0	0	0	2	
683	ARTZENHEIM	68009		0	0	68	42	1	1	7.541306	48.116263	2	2	0	3	0	0	0	0	2	
684	ASPACH	68010		0	0	68	42	1	1	7.233691	47.639701	1	1	0	4	0	0	0	0	1	
685	ASPACH-LE-BAS	68011		0	0	68	42	1	1	7.149002	47.761024	3	6	0	4	0	0	0	0	11	
686	ASPACH-LE-HAUT	68012		0	0	68	42	1	1	7.129206	47.774586	25	6	0	4	0	0	0	0	11	
687	ATTENSCHWILLER	68013		0	0	68	42	1	1	7.462150	47.566329	11	4	0	4	0	0	0	0	8	
688	AUBURE	68014		0	0	68	42	1	1	7.221494	48.197530	23	5	0	3	0	0	0	0	2	
689	BALDERSHEIM	68015		0	0	68	42	1	1	7.380031	47.801739	31	4	0	4	0	0	0	0	6	
690	BALGAU	68016		0	0	68	42	1	1	7.539909	47.929063	19	2	0	3	0	0	0	0	3	
691	BALLERSDORF	68017		0	0	68	42	1	1	7.161462	47.623487	1	1	0	4	0	0	0	0	1	
692	BALSCHWILLER	68018		0	0	68	42	1	1	7.168169	47.668414	5	1	0	4	0	0	0	0	1	
693	BALTZENHEIM	68019		0	0	68	42	1	1	7.556579	48.093561	2	2	0	3	0	0	0	0	2	
694	BANTZENHEIM	68020		0	0	68	42	1	1	7.516380	47.825096	31	4	0	4	0	0	0	0	6	
695	BARTENHEIM	68021		0	0	68	42	1	1	7.476426	47.634543	13	4	0	4	0	0	0	0	8	
696	BATTENHEIM	68022		0	0	68	42	1	1	7.382340	47.820716	31	4	0	4	0	0	0	0	6	
697	BEBLENHEIM	68023		0	0	68	42	1	1	7.325512	48.158243	12	5	0	3	0	0	0	0	2	
698	BELLEMAGNY	68024		0	0	68	42	1	1	7.067649	47.689452	5	1	0	4	0	0	0	0	1	
699	BENDORF	68025		0	0	68	42	1	1	7.281802	47.487774	7	1	0	4	0	0	0	0	1	
700	BENNWIHR	68026		0	0	68	42	1	1	7.324558	48.144527	12	5	0	3	0	0	0	0	2	
701	BERENTZWILLER	68027		0	0	68	42	1	1	7.382960	47.585252	1	1	0	4	0	0	0	0	1	
702	BERGHEIM	68028		0	0	68	42	1	1	7.364235	48.205084	20	5	0	3	0	0	0	0	2	
703	BERGHOLTZ	68029		0	0	68	42	1	1	7.245911	47.915780	8	3	0	3	0	0	0	0	3	
704	BERGHOLTZZELL	68030		0	0	68	42	1	1	7.233307	47.930834	8	3	0	3	0	0	0	0	3	
705	BERNWILLER	68031		0	0	68	42	1	1	7.189563	47.691044	3	6	0	4	0	0	0	0	1	
706	BERRWILLER	68032		0	0	68	42	1	1	7.222246	47.850839	24	3	0	3	0	0	0	0	3	
707	BETTENDORF	68033		0	0	68	42	1	1	7.276486	47.583848	10	1	0	4	0	0	0	0	1	
708	BETTLACH	68034		0	0	68	42	1	1	7.412930	47.508331	7	1	0	4	0	0	0	0	1	
709	BIEDERTHAL	68035		0	0	68	42	1	1	7.448122	47.470015	7	1	0	4	0	0	0	0	1	
710	BIESHEIM	68036		0	0	68	42	1	1	7.543555	48.039413	19	2	0	3	0	0	0	0	2	
711	BILTZHEIM	68037		0	0	68	42	1	1	7.388338	47.958057	6	3	0	3	0	0	0	0	3	
712	BISCHWIHR	68038		0	0	68	42	1	1	7.436496	48.095567	2	2	0	3	0	0	0	0	2	
713	BISEL	68039		0	0	68	42	1	1	7.217504	47.535578	10	1	0	4	0	0	0	0	1	
714	BITSCHWILLER-LES-THANN	68040		0	0	68	42	1	1	7.078346	47.830472	25	6	0	4	0	0	0	0	11	
715	BLODELSHEIM	68041		0	0	68	42	1	1	7.539471	47.885869	6	3	0	3	0	0	0	0	3	
716	BLOTZHEIM	68042		0	0	68	42	1	1	7.495819	47.601496	11	4	0	4	0	0	0	0	8	
717	BOLLWILLER	68043		0	0	68	42	1	1	7.263950	47.858808	24	3	0	3	0	0	0	0	3	
718	LE BONHOMME	68044		0	0	68	42	1	1	7.113609	48.172312	14	5	0	3	0	0	0	0	2	
719	BOURBACH-LE-BAS	68045		0	0	68	42	1	1	7.058666	47.774828	25	6	0	4	0	0	0	0	11	
720	BOURBACH-LE-HAUT	68046		0	0	68	42	1	1	7.029721	47.795159	15	6	0	4	0	0	0	0	11	
721	BRECHAUMONT	68050		0	0	68	42	1	1	7.070807	47.669098	5	1	0	4	0	0	0	0	1	
722	BREITENBACH-HAUT-RHIN	68051		0	0	68	42	1	1	7.099964	48.027007	18	2	0	3	0	0	0	0	2	
723	BRETTEN	68052		0	0	68	42	1	1	7.072052	47.699252	5	1	0	4	0	0	0	0	1	
724	BRINCKHEIM	68054		0	0	68	42	1	1	7.458205	47.626018	13	4	0	4	0	0	0	0	8	
725	BRUEBACH	68055		0	0	68	42	1	1	7.359551	47.700278	17	4	0	4	0	0	0	0	6	
726	BRUNSTATT	68056		0	0	68	42	1	1	7.318248	47.721869	17	4	0	4	0	0	0	0	6	
727	BUETHWILLER	68057		0	0	68	42	1	1	7.150437	47.656084	5	1	0	4	0	0	0	0	1	
728	BURNHAUPT-LE-BAS	68059		0	0	68	42	1	1	7.163197	47.719124	3	6	0	4	0	0	0	0	11	
729	BURNHAUPT-LE-HAUT	68060		0	0	68	42	1	1	7.148914	47.730415	3	6	0	4	0	0	0	0	11	
730	BUSCHWILLER	68061		0	0	68	42	1	1	7.505219	47.558699	11	4	0	4	0	0	0	0	8	
731	CARSPACH	68062		0	0	68	42	1	1	7.213304	47.615114	1	1	0	4	0	0	0	0	1	
732	CHALAMPE	68064		0	0	68	42	1	1	7.541625	47.819856	31	4	0	4	0	0	0	0	6	
733	CHAVANNES-SUR-L'ETANG	68065		0	0	68	42	1	1	7.025419	47.632422	5	1	0	4	0	0	0	0	1	
734	COURTAVON	68067		0	0	68	42	1	1	7.197114	47.461513	7	1	0	4	0	0	0	0	1	
735	DANNEMARIE	68068		0	0	68	42	1	1	7.119338	47.630420	5	1	0	4	0	0	0	0	1	
736	DESSENHEIM	68069		0	0	68	42	1	1	7.488066	47.976199	19	2	0	3	0	0	0	0	2	
737	DIDENHEIM	68070		0	0	68	42	1	1	7.300693	47.718027	17	4	0	4	0	0	0	0	6	
738	DIEFMATTEN	68071		0	0	68	42	1	1	7.113853	47.708532	5	1	0	4	0	0	0	0	1	
739	DIETWILLER	68072		0	0	68	42	1	1	7.401950	47.692066	13	4	0	4	0	0	0	0	6	
740	DOLLEREN	68073		0	0	68	42	1	1	6.933097	47.805735	15	6	0	4	0	0	0	0	11	
741	DURLINSDORF	68074		0	0	68	42	1	1	7.241074	47.484998	7	1	0	4	0	0	0	0	1	
742	DURMENACH	68075		0	0	68	42	1	1	7.337816	47.528167	7	1	0	4	0	0	0	0	1	
743	DURRENENTZEN	68076		0	0	68	42	1	1	7.501424	48.093229	2	2	0	3	0	0	0	0	2	
744	EGLINGEN	68077		0	0	68	42	1	1	7.183287	47.665379	1	1	0	4	0	0	0	0	1	
745	EGUISHEIM	68078		0	0	68	42	1	1	7.306729	48.042789	26	2	0	3	0	0	0	0	2	
746	ELBACH	68079		0	0	68	42	1	1	7.078696	47.641018	5	1	0	4	0	0	0	0	1	
747	EMLINGEN	68080		0	0	68	42	1	1	7.291212	47.623306	1	1	0	4	0	0	0	0	1	
748	SAINT-BERNARD	68081		0	0	68	42	1	1	4.732457	45.944789	1	1	0	4	0	0	0	0	1	
749	ENSISHEIM	68082		0	0	68	42	1	1	7.358324	47.865716	6	3	0	3	0	0	0	0	3	
750	ESCHBACH-AU-VAL	68083		0	0	68	42	1	1	7.144750	48.031671	18	2	0	3	0	0	0	0	2	
751	ESCHENTZWILLER	68084		0	0	68	42	1	1	7.399099	47.712804	9	4	0	4	0	0	0	0	6	
752	ETEIMBES	68085		0	0	68	42	1	1	7.054081	47.702334	5	1	0	4	0	0	0	0	1	
753	FALKWILLER	68086		0	0	68	42	1	1	7.134577	47.680039	5	1	0	4	0	0	0	0	1	
754	FELDBACH	68087		0	0	68	42	1	1	7.264971	47.535904	10	1	0	4	0	0	0	0	1	
755	FELDKIRCH	68088		0	0	68	42	1	1	7.277349	47.866833	24	3	0	3	0	0	0	0	3	
756	FELLERING	68089		0	0	68	42	1	1	6.989847	47.893251	22	6	0	4	0	0	0	0	11	
757	FERRETTE	68090		0	0	68	42	1	1	7.313831	47.494316	7	1	0	4	0	0	0	0	1	
758	FESSENHEIM	68091		0	0	68	42	1	1	7.537813	47.914925	6	3	0	3	0	0	0	0	3	
759	FISLIS	68092		0	0	68	42	1	1	7.381505	47.505674	7	1	0	4	0	0	0	0	1	
760	FLAXLANDEN	68093		0	0	68	42	1	1	7.315059	47.695967	17	4	0	4	0	0	0	0	6	
761	FOLGENSBOURG	68094		0	0	68	42	1	1	7.448517	47.549601	11	4	0	4	0	0	0	0	8	
762	FORTSCHWIHR	68095		0	0	68	42	1	1	7.450161	48.089555	2	2	0	3	0	0	0	0	2	
763	FRANKEN	68096		0	0	68	42	1	1	7.355564	47.603078	1	1	0	4	0	0	0	0	1	
764	FRELAND	68097		0	0	68	42	1	1	7.191625	48.175538	14	5	0	3	0	0	0	0	2	
765	FRIESEN	68098		0	0	68	42	1	1	7.150561	47.564495	10	1	0	4	0	0	0	0	1	
766	FROENINGEN	68099		0	0	68	42	1	1	7.268401	47.690158	1	1	0	4	0	0	0	0	1	
767	FULLEREN	68100		0	0	68	42	1	1	7.143423	47.593295	10	1	0	4	0	0	0	0	1	
768	GALFINGUE	68101		0	0	68	42	1	1	7.224958	47.705425	17	4	0	4	0	0	0	0	6	
769	GEISHOUSE	68102		0	0	68	42	1	1	7.058497	47.880560	22	6	0	4	0	0	0	0	11	
770	GEISPITZEN	68103		0	0	68	42	1	1	7.421991	47.667038	13	4	0	4	0	0	0	0	8	
771	GEISWASSER	68104		0	0	68	42	1	1	7.602945	47.977205	19	2	0	3	0	0	0	0	2	
772	GILDWILLER	68105		0	0	68	42	1	1	7.133740	47.689020	5	1	0	4	0	0	0	0	1	
773	GOLDBACH-ALTENBACH	68106		0	0	68	42	1	1	7.103023	47.873595	22	6	0	4	0	0	0	0	11	
774	GOMMERSDORF	68107		0	0	68	42	1	1	7.129534	47.639827	5	1	0	4	0	0	0	0	1	
775	GRENTZINGEN	68108		0	0	68	42	1	1	7.300734	47.563565	10	1	0	4	0	0	0	0	1	
776	GRIESBACH-AU-VAL	68109		0	0	68	42	1	1	7.171167	48.034038	18	2	0	3	0	0	0	0	2	
777	GRUSSENHEIM	68110		0	0	68	42	1	1	7.488732	48.147458	2	2	0	3	0	0	0	0	2	
778	GUEBERSCHWIHR	68111		0	0	68	42	1	1	7.274449	48.003999	21	3	0	3	0	0	0	0	2	
779	GUEMAR	68113		0	0	68	42	1	1	7.395955	48.188884	20	5	0	3	0	0	0	0	2	
780	GUEVENATTEN	68114		0	0	68	42	1	1	7.080228	47.680891	5	1	0	4	0	0	0	0	1	
781	GUEWENHEIM	68115		0	0	68	42	1	1	7.092746	47.752774	25	6	0	4	0	0	0	0	11	
782	GUNDOLSHEIM	68116		0	0	68	42	1	1	7.294517	47.931067	21	3	0	3	0	0	0	0	3	
783	GUNSBACH	68117		0	0	68	42	1	1	7.175315	48.046344	18	2	0	3	0	0	0	0	2	
784	HABSHEIM	68118		0	0	68	42	1	1	7.416671	47.728784	9	4	0	4	0	0	0	0	6	
785	HAGENBACH	68119		0	0	68	42	1	1	7.156973	47.649642	5	1	0	4	0	0	0	0	1	
786	HAGENTHAL-LE-BAS	68120		0	0	68	42	1	1	7.475927	47.523961	11	4	0	4	0	0	0	0	8	
787	HAGENTHAL-LE-HAUT	68121		0	0	68	42	1	1	7.469115	47.519529	11	4	0	4	0	0	0	0	8	
788	HARTMANNSWILLER	68122		0	0	68	42	1	1	7.216798	47.861171	24	3	0	3	0	0	0	0	3	
789	HATTSTATT	68123		0	0	68	42	1	1	7.301770	48.011457	21	3	0	3	0	0	0	0	2	
790	HAUSGAUEN	68124		0	0	68	42	1	1	7.322777	47.604788	1	1	0	4	0	0	0	0	1	
791	HECKEN	68125		0	0	68	42	1	1	7.125125	47.691308	5	1	0	4	0	0	0	0	1	
792	HEGENHEIM	68126		0	0	68	42	1	1	7.526543	47.562645	11	4	0	4	0	0	0	0	8	
793	HEIDWILLER	68127		0	0	68	42	1	1	7.240729	47.659257	1	1	0	4	0	0	0	0	1	
794	HEIMERSDORF	68128		0	0	68	42	1	1	7.241327	47.570567	10	1	0	4	0	0	0	0	1	
795	HEIMSBRUNN	68129		0	0	68	42	1	1	7.225160	47.728065	17	4	0	4	0	0	0	0	6	
796	HEITEREN	68130		0	0	68	42	1	1	7.538318	47.970398	19	2	0	3	0	0	0	0	2	
797	HEIWILLER	68131		0	0	68	42	1	1	7.321558	47.623619	1	1	0	4	0	0	0	0	1	
798	HELFRANTZKIRCH	68132		0	0	68	42	1	1	7.412042	47.605164	13	4	0	4	0	0	0	0	8	
799	HENFLINGEN	68133		0	0	68	42	1	1	7.287747	47.574595	10	1	0	4	0	0	0	0	1	
800	HERRLISHEIM-PRES-COLMAR	68134		0	0	68	42	1	1	7.329243	48.018209	26	2	0	3	0	0	0	0	2	
801	HESINGUE	68135		0	0	68	42	1	1	7.520348	47.574550	11	4	0	4	0	0	0	0	8	
802	HETTENSCHLAG	68136		0	0	68	42	1	1	7.454051	48.004683	19	2	0	3	0	0	0	0	2	
803	HINDLINGEN	68137		0	0	68	42	1	1	7.140011	47.572423	10	1	0	4	0	0	0	0	1	
804	HIRSINGUE	68138		0	0	68	42	1	1	7.251424	47.585843	10	1	0	4	0	0	0	0	1	
805	HIRTZBACH	68139		0	0	68	42	1	1	7.222918	47.598401	10	1	0	4	0	0	0	0	1	
806	HIRTZFELDEN	68140		0	0	68	42	1	1	7.446101	47.911758	6	3	0	3	0	0	0	0	3	
807	HOCHSTATT	68141		0	0	68	42	1	1	7.276209	47.703734	1	1	0	4	0	0	0	0	1	
808	HOHROD	68142		0	0	68	42	1	1	7.124925	48.054209	18	2	0	3	0	0	0	0	2	
809	HOLTZWIHR	68143		0	0	68	42	1	1	7.420750	48.110780	2	2	0	3	0	0	0	0	2	
810	HOMBOURG	68144		0	0	68	42	1	1	7.504555	47.759811	31	4	0	4	0	0	0	0	6	
811	HORBOURG-WIHR	68145		0	0	68	42	1	1	7.393820	48.081130	2	2	0	3	0	0	0	0	2	
812	HOUSSEN	68146		0	0	68	42	1	1	7.378599	48.126359	2	2	0	3	0	0	0	0	2	
813	HUNAWIHR	68147		0	0	68	42	1	1	7.312329	48.180558	20	5	0	3	0	0	0	0	2	
814	HUNDSBACH	68148		0	0	68	42	1	1	7.333945	47.602352	1	1	0	4	0	0	0	0	1	
815	HUNINGUE	68149		0	0	68	42	1	1	7.580047	47.593732	11	4	0	4	0	0	0	0	8	
816	HUSSEREN-LES-CHATEAUX	68150		0	0	68	42	1	1	7.280408	48.035762	26	2	0	3	0	0	0	0	2	
817	HUSSEREN-WESSERLING	68151		0	0	68	42	1	1	6.991120	47.883444	22	6	0	4	0	0	0	0	11	
818	ILLFURTH	68152		0	0	68	42	1	1	7.264036	47.672872	1	1	0	4	0	0	0	0	1	
819	ILLHAEUSERN	68153		0	0	68	42	1	1	7.435331	48.184270	20	5	0	3	0	0	0	0	2	
820	ILLZACH	68154		0	0	68	42	1	1	7.347576	47.780814	31	4	0	4	0	0	0	0	6	
821	INGERSHEIM	68155		0	0	68	42	1	1	7.304159	48.099820	12	5	0	3	0	0	0	0	2	
822	ISSENHEIM	68156		0	0	68	42	1	1	7.250272	47.903826	24	3	0	3	0	0	0	0	3	
823	JEBSHEIM	68157		0	0	68	42	1	1	7.478345	48.125419	2	2	0	3	0	0	0	0	2	
824	JETTINGEN	68158		0	0	68	42	1	1	7.369749	47.599019	1	1	0	4	0	0	0	0	1	
825	JUNGHOLTZ	68159		0	0	68	42	1	1	7.195156	47.884043	24	3	0	3	0	0	0	0	3	
826	KAPPELEN	68160		0	0	68	42	1	1	7.436352	47.618183	13	4	0	4	0	0	0	0	8	
827	KATZENTHAL	68161		0	0	68	42	1	1	7.277984	48.107744	12	5	0	3	0	0	0	0	2	
828	KAYSERSBERG	68162		0	0	68	42	1	1	7.263785	48.138856	12	5	0	3	0	0	0	0	2	
829	KEMBS	68163		0	0	68	42	1	1	7.503806	47.690548	13	4	0	4	0	0	0	0	8	
830	KIENTZHEIM	68164		0	0	68	42	1	1	7.285566	48.136300	12	5	0	3	0	0	0	0	2	
831	KIFFIS	68165		0	0	68	42	1	1	7.355386	47.439276	7	1	0	4	0	0	0	0	1	
832	KINGERSHEIM	68166		0	0	68	42	1	1	7.340025	47.792859	27	4	0	4	0	0	0	0	6	
833	KIRCHBERG	68167		0	0	68	42	1	1	6.956490	47.797231	15	6	0	4	0	0	0	0	11	
834	KNOERINGUE	68168		0	0	68	42	1	1	7.403372	47.562595	11	4	0	4	0	0	0	0	8	
835	KOESTLACH	68169		0	0	68	42	1	1	7.271766	47.507275	7	1	0	4	0	0	0	0	1	
836	KOETZINGUE	68170		0	0	68	42	1	1	7.391244	47.648655	13	4	0	4	0	0	0	0	8	
837	KRUTH	68171		0	0	68	42	1	1	6.964031	47.931042	22	6	0	4	0	0	0	0	11	
838	KUNHEIM	68172		0	0	68	42	1	1	7.534365	48.078715	2	2	0	3	0	0	0	0	2	
839	LABAROCHE	68173		0	0	68	42	1	1	7.206190	48.110972	14	5	0	3	0	0	0	0	2	
840	LANDSER	68174		0	0	68	42	1	1	7.386515	47.683299	13	4	0	4	0	0	0	0	8	
841	LAPOUTROIE	68175		0	0	68	42	1	1	7.168873	48.152353	14	5	0	3	0	0	0	0	2	
842	LARGITZEN	68176		0	0	68	42	1	1	7.187155	47.561447	10	1	0	4	0	0	0	0	1	
843	LAUTENBACH	68177		0	0	68	42	1	1	7.158035	47.940334	8	3	0	3	0	0	0	0	3	
844	LAUTENBACHZELL	68178		0	0	68	42	1	1	7.148155	47.940999	8	3	0	3	0	0	0	0	3	
845	LAUW	68179		0	0	68	42	1	1	7.017969	47.756973	15	6	0	4	0	0	0	0	11	
846	LEIMBACH	68180		0	0	68	42	1	1	7.099253	47.793704	25	6	0	4	0	0	0	0	11	
847	LEVONCOURT	68181		0	0	68	42	1	1	7.204602	47.449321	7	1	0	4	0	0	0	0	1	
848	LEYMEN	68182		0	0	68	42	1	1	7.483509	47.494348	11	4	0	4	0	0	0	0	8	
849	LIEBENSWILLER	68183		0	0	68	42	1	1	7.455083	47.498110	11	4	0	4	0	0	0	0	8	
850	LIEBSDORF	68184		0	0	68	42	1	1	7.230089	47.480109	7	1	0	4	0	0	0	0	1	
851	LIEPVRE	68185		0	0	68	42	1	1	7.280483	48.273016	23	5	0	3	0	0	0	0	7	
852	LIGSDORF	68186		0	0	68	42	1	1	7.305049	47.472873	7	1	0	4	0	0	0	0	1	
853	LINSDORF	68187		0	0	68	42	1	1	7.398599	47.505403	7	1	0	4	0	0	0	0	1	
854	LINTHAL	68188		0	0	68	42	1	1	7.124258	47.953028	8	3	0	3	0	0	0	0	3	
855	LOGELHEIM	68189		0	0	68	42	1	1	7.407167	48.020339	19	2	0	3	0	0	0	0	2	
856	LUCELLE	68190		0	0	68	42	1	1	7.245718	47.421120	7	1	0	4	0	0	0	0	1	
857	LUEMSCHWILLER	68191		0	0	68	42	1	1	7.289964	47.655061	1	1	0	4	0	0	0	0	1	
858	VALDIEU-LUTRAN	68192		0	0	68	42	1	1	7.057866	47.624056	5	1	0	4	0	0	0	0	1	
859	LUTTENBACH-PRES-MUNSTER	68193		0	0	68	42	1	1	7.118706	48.031598	18	2	0	3	0	0	0	0	2	
860	LUTTER	68194		0	0	68	42	1	1	7.380441	47.465933	7	1	0	4	0	0	0	0	1	
861	LUTTERBACH	68195		0	0	68	42	1	1	7.279903	47.759583	27	4	0	4	0	0	0	0	6	
862	MAGNY	68196		0	0	68	42	1	1	1.261648	48.350658	5	1	0	4	0	0	0	0	1	
863	MAGSTATT-LE-BAS	68197		0	0	68	42	1	1	7.409535	47.638278	13	4	0	4	0	0	0	0	8	
864	MAGSTATT-LE-HAUT	68198		0	0	68	42	1	1	7.396016	47.632412	13	4	0	4	0	0	0	0	8	
865	MALMERSPACH	68199		0	0	68	42	1	1	7.038810	47.866253	22	6	0	4	0	0	0	0	11	
866	MANSPACH	68200		0	0	68	42	1	1	7.105416	47.616070	5	1	0	4	0	0	0	0	1	
867	MASEVAUX	68201		0	0	68	42	1	1	6.996362	47.776874	15	6	0	4	0	0	0	0	11	
868	MERTZEN	68202		0	0	68	42	1	1	7.130797	47.590042	10	1	0	4	0	0	0	0	1	
869	MERXHEIM	68203		0	0	68	42	1	1	7.292637	47.911237	24	3	0	3	0	0	0	0	3	
870	METZERAL	68204		0	0	68	42	1	1	7.070104	48.009021	18	2	0	3	0	0	0	0	2	
871	MEYENHEIM	68205		0	0	68	42	1	1	7.355998	47.913474	6	3	0	3	0	0	0	0	3	
872	MICHELBACH	68206		0	0	68	42	1	1	7.117377	47.762265	25	6	0	4	0	0	0	0	11	
873	MICHELBACH-LE-BAS	68207		0	0	68	42	1	1	7.464124	47.593172	11	4	0	4	0	0	0	0	8	
874	MICHELBACH-LE-HAUT	68208		0	0	68	42	1	1	7.443992	47.565880	11	4	0	4	0	0	0	0	8	
875	MITTELWIHR	68209		0	0	68	42	1	1	7.320925	48.150739	12	5	0	3	0	0	0	0	2	
876	MITTLACH	68210		0	0	68	42	1	1	7.031538	48.002606	18	2	0	3	0	0	0	0	2	
877	MITZACH	68211		0	0	68	42	1	1	7.003285	47.870001	22	6	0	4	0	0	0	0	11	
878	MOERNACH	68212		0	0	68	42	1	1	7.255027	47.503633	7	1	0	4	0	0	0	0	1	
879	MOLLAU	68213		0	0	68	42	1	1	6.973660	47.871366	22	6	0	4	0	0	0	0	11	
880	MONTREUX-JEUNE	68214		0	0	68	42	1	1	7.033058	47.611936	5	1	0	4	0	0	0	0	1	
881	MONTREUX-VIEUX	68215		0	0	68	42	1	1	7.022079	47.618912	5	1	0	4	0	0	0	0	1	
882	MOOSLARGUE	68216		0	0	68	42	1	1	7.218913	47.508801	7	1	0	4	0	0	0	0	1	
883	MOOSCH	68217		0	0	68	42	1	1	7.049910	47.859566	22	6	0	4	0	0	0	0	11	
884	MORSCHWILLER-LE-BAS	68218		0	0	68	42	1	1	7.268324	47.737048	17	4	0	4	0	0	0	0	6	
885	MORTZWILLER	68219		0	0	68	42	1	1	7.038613	47.739847	15	6	0	4	0	0	0	0	11	
886	MUESPACH	68221		0	0	68	42	1	1	7.372642	47.547636	7	1	0	4	0	0	0	0	1	
887	MUESPACH-LE-HAUT	68222		0	0	68	42	1	1	7.403681	47.545090	7	1	0	4	0	0	0	0	1	
888	MUHLBACH-SUR-MUNSTER	68223		0	0	68	42	1	1	7.081726	48.025015	18	2	0	3	0	0	0	0	2	
889	MUNCHHOUSE	68225		0	0	68	42	1	1	7.451274	47.868559	6	3	0	3	0	0	0	0	3	
890	MUNSTER	68226		0	0	68	42	1	1	7.138788	48.041007	18	2	0	3	0	0	0	0	2	
891	MUNTZENHEIM	68227		0	0	68	42	1	1	7.475468	48.101360	2	2	0	3	0	0	0	0	2	
892	MUNWILLER	68228		0	0	68	42	1	1	7.344207	47.930327	6	3	0	3	0	0	0	0	3	
893	MURBACH	68229		0	0	68	42	1	1	7.156120	47.923192	8	3	0	3	0	0	0	0	3	
894	NAMBSHEIM	68230		0	0	68	42	1	1	7.562351	47.936085	19	2	0	3	0	0	0	0	2	
895	NEUF-BRISACH	68231		0	0	68	42	1	1	7.527762	48.018940	19	2	0	3	0	0	0	0	2	
896	NEUWILLER	68232		0	0	68	42	1	1	7.512185	47.525237	11	4	0	4	0	0	0	0	8	
897	NIEDERBRUCK	68233		0	0	68	42	1	1	6.967598	47.784494	15	6	0	4	0	0	0	0	11	
898	NIEDERENTZEN	68234		0	0	68	42	1	1	7.381269	47.947868	6	3	0	3	0	0	0	0	3	
899	NIEDERHERGHEIM	68235		0	0	68	42	1	1	7.397101	47.986127	6	3	0	3	0	0	0	0	2	
900	NIEDERMORSCHWIHR	68237		0	0	68	42	1	1	7.273822	48.099748	12	5	0	3	0	0	0	0	2	
901	NIFFER	68238		0	0	68	42	1	1	7.509283	47.713400	31	4	0	4	0	0	0	0	6	
902	OBERBRUCK	68239		0	0	68	42	1	1	6.943854	47.807571	15	6	0	4	0	0	0	0	11	
903	OBERDORF	68240		0	0	68	42	1	1	7.306348	47.559527	10	1	0	4	0	0	0	0	1	
904	OBERENTZEN	68241		0	0	68	42	1	1	7.376469	47.943169	6	3	0	3	0	0	0	0	3	
905	OBERHERGHEIM	68242		0	0	68	42	1	1	7.396519	47.967978	6	3	0	3	0	0	0	0	3	
906	OBERLARG	68243		0	0	68	42	1	1	7.234492	47.457565	7	1	0	4	0	0	0	0	1	
907	OBERMORSCHWIHR	68244		0	0	68	42	1	1	7.294141	48.018555	26	2	0	3	0	0	0	0	2	
908	OBERMORSCHWILLER	68245		0	0	68	42	1	1	7.309504	47.643405	1	1	0	4	0	0	0	0	1	
909	OBERSAASHEIM	68246		0	0	68	42	1	1	7.553068	47.990114	19	2	0	3	0	0	0	0	2	
910	ODEREN	68247		0	0	68	42	1	1	6.976102	47.908787	22	6	0	4	0	0	0	0	11	
911	OLTINGUE	68248		0	0	68	42	1	1	7.391980	47.491634	7	1	0	4	0	0	0	0	1	
912	ORBEY	68249		0	0	68	42	1	1	7.164884	48.126204	14	5	0	3	0	0	0	0	2	
913	ORSCHWIHR	68250		0	0	68	42	1	1	7.233515	47.935595	8	3	0	3	0	0	0	0	3	
914	OSENBACH	68251		0	0	68	42	1	1	7.218121	47.985663	21	3	0	3	0	0	0	0	3	
915	OSTHEIM	68252		0	0	68	42	1	1	7.370409	48.159822	20	5	0	3	0	0	0	0	2	
916	OTTMARSHEIM	68253		0	0	68	42	1	1	7.506397	47.787398	31	4	0	4	0	0	0	0	6	
917	PETIT-LANDAU	68254		0	0	68	42	1	1	7.519425	47.730584	31	4	0	4	0	0	0	0	6	
918	PFAFFENHEIM	68255		0	0	68	42	1	1	7.286021	47.984029	21	3	0	3	0	0	0	0	2	
919	PFETTERHOUSE	68257		0	0	68	42	1	1	7.165127	47.500837	10	1	0	4	0	0	0	0	1	
920	PULVERSHEIM	68258		0	0	68	42	1	1	7.298480	47.838103	6	3	0	3	0	0	0	0	3	
921	RAEDERSDORF	68259		0	0	68	42	1	1	7.366686	47.474715	7	1	0	4	0	0	0	0	1	
922	RAEDERSHEIM	68260		0	0	68	42	1	1	7.282947	47.887869	24	3	0	3	0	0	0	0	3	
923	RAMMERSMATT	68261		0	0	68	42	1	1	7.068767	47.789939	25	6	0	4	0	0	0	0	11	
924	RANSPACH	68262		0	0	68	42	1	1	7.009106	47.883746	22	6	0	4	0	0	0	0	11	
925	RANSPACH-LE-BAS	68263		0	0	68	42	1	1	7.444065	47.586922	11	4	0	4	0	0	0	0	8	
926	RANSPACH-LE-HAUT	68264		0	0	68	42	1	1	7.418808	47.577166	11	4	0	4	0	0	0	0	8	
927	RANTZWILLER	68265		0	0	68	42	1	1	7.377070	47.651229	13	4	0	4	0	0	0	0	8	
928	REGUISHEIM	68266		0	0	68	42	1	1	7.354142	47.897641	6	3	0	3	0	0	0	0	3	
929	REININGUE	68267		0	0	68	42	1	1	7.232532	47.748272	27	4	0	4	0	0	0	0	6	
930	RETZWILLER	68268		0	0	68	42	1	1	7.093442	47.630936	5	1	0	4	0	0	0	0	1	
931	RIBEAUVILLE	68269		0	0	68	42	1	1	3.585177	50.043079	20	5	0	3	0	0	0	0	2	
932	RICHWILLER	68270		0	0	68	42	1	1	7.285045	47.778795	27	4	0	4	0	0	0	0	6	
933	RIEDISHEIM	68271		0	0	68	42	1	1	7.358418	47.746235	9	4	0	4	0	0	0	0	6	
934	RIEDWIHR	68272		0	0	68	42	1	1	7.444480	48.127452	2	2	0	3	0	0	0	0	2	
935	RIESPACH	68273		0	0	68	42	1	1	7.291949	47.540452	10	1	0	4	0	0	0	0	1	
936	RIMBACH-PRES-GUEBWILLER	68274		0	0	68	42	1	1	7.156924	47.904974	8	3	0	3	0	0	0	0	3	
937	RIMBACH-PRES-MASEVAUX	68275		0	0	68	42	1	1	6.951557	47.827856	15	6	0	4	0	0	0	0	11	
938	RIMBACHZELL	68276		0	0	68	42	1	1	7.175140	47.899226	8	3	0	3	0	0	0	0	3	
939	RIQUEWIHR	68277		0	0	68	42	1	1	7.297284	48.166926	12	5	0	3	0	0	0	0	2	
940	RIXHEIM	68278		0	0	68	42	1	1	7.399437	47.742878	9	4	0	4	0	0	0	0	6	
941	RODEREN	68279		0	0	68	42	1	1	7.088864	47.781601	25	6	0	4	0	0	0	0	11	
942	RODERN	68280		0	0	68	42	1	1	7.353212	48.224891	20	5	0	3	0	0	0	0	2	
943	ROGGENHOUSE	68281		0	0	68	42	1	1	7.471387	47.889120	6	3	0	3	0	0	0	0	3	
944	ROMAGNY	68282		0	0	68	42	1	1	-0.966171	48.640039	5	1	0	4	0	0	0	0	1	
945	ROMBACH-LE-FRANC	68283		0	0	68	42	1	1	7.261139	48.284357	23	5	0	3	0	0	0	0	7	
946	ROPPENTZWILLER	68284		0	0	68	42	1	1	7.331817	47.541131	7	1	0	4	0	0	0	0	1	
947	RORSCHWIHR	68285		0	0	68	42	1	1	7.362661	48.217029	20	5	0	3	0	0	0	0	2	
948	ROSENAU	68286		0	0	68	42	1	1	7.534612	47.637176	11	4	0	4	0	0	0	0	8	
949	ROUFFACH	68287		0	0	68	42	1	1	7.299398	47.957082	21	3	0	3	0	0	0	0	2	
950	RUEDERBACH	68288		0	0	68	42	1	1	7.268367	47.561504	10	1	0	4	0	0	0	0	1	
951	RUELISHEIM	68289		0	0	68	42	1	1	7.358581	47.822974	31	4	0	4	0	0	0	0	6	
952	RUSTENHART	68290		0	0	68	42	1	1	7.461370	47.941671	6	3	0	3	0	0	0	0	3	
953	RUMERSHEIM-LE-HAUT	68291		0	0	68	42	1	1	7.519877	47.852536	6	3	0	3	0	0	0	0	3	
954	SAINT-AMARIN	68292		0	0	68	42	1	1	7.028828	47.874558	22	6	0	4	0	0	0	0	11	
955	SAINT-COSME	68293		0	0	68	42	1	1	7.062681	47.683130	5	1	0	4	0	0	0	0	1	
956	SAINTE-CROIX-AUX-MINES	68294		0	0	68	42	1	1	7.225642	48.262880	23	5	0	3	0	0	0	0	7	
957	SAINTE-CROIX-EN-PLAINE	68295		0	0	68	42	1	1	7.386150	48.008383	28	2	0	3	0	0	0	0	2	
958	SAINT-HIPPOLYTE	68296		0	0	68	42	1	1	-0.889160	45.918297	20	5	0	3	0	0	0	0	2	
959	SAINT-LOUIS	68297		0	0	68	42	1	1	7.560090	47.589575	11	4	0	4	0	0	0	0	8	
960	SAINTE-MARIE-AUX-MINES	68298		0	0	68	42	1	1	7.183371	48.245938	23	5	0	3	0	0	0	0	7	
961	SAINT-ULRICH	68299		0	0	68	42	1	1	7.120349	47.595452	10	1	0	4	0	0	0	0	1	
962	SAUSHEIM	68300		0	0	68	42	1	1	7.368562	47.787362	31	4	0	4	0	0	0	0	6	
963	SCHLIERBACH	68301		0	0	68	42	1	1	7.407816	47.683258	13	4	0	4	0	0	0	0	8	
964	SCHWEIGHOUSE-THANN	68302		0	0	68	42	1	1	7.169909	47.753406	3	6	0	4	0	0	0	0	11	
965	SCHWOBEN	68303		0	0	68	42	1	1	7.305293	47.614100	1	1	0	4	0	0	0	0	1	
966	SENTHEIM	68304		0	0	68	42	1	1	7.051902	47.756019	15	6	0	4	0	0	0	0	11	
967	SEPPOIS-LE-BAS	68305		0	0	68	42	1	1	7.175293	47.535921	10	1	0	4	0	0	0	0	1	
968	SEPPOIS-LE-HAUT	68306		0	0	68	42	1	1	7.184124	47.532790	10	1	0	4	0	0	0	0	1	
969	SEWEN	68307		0	0	68	42	1	1	6.906935	47.807020	15	6	0	4	0	0	0	0	11	
970	SICKERT	68308		0	0	68	42	1	1	6.978869	47.783523	15	6	0	4	0	0	0	0	11	
971	SIERENTZ	68309		0	0	68	42	1	1	7.455895	47.653973	13	4	0	4	0	0	0	0	8	
972	SIGOLSHEIM	68310		0	0	68	42	1	1	7.301079	48.134348	12	5	0	3	0	0	0	0	2	
973	SONDERNACH	68311		0	0	68	42	1	1	7.074326	47.997976	18	2	0	3	0	0	0	0	2	
974	SONDERSDORF	68312		0	0	68	42	1	1	7.336131	47.482227	7	1	0	4	0	0	0	0	1	
975	SOPPE-LE-BAS	68313		0	0	68	42	1	1	7.090071	47.716740	15	6	0	4	0	0	0	0	11	
976	SOPPE-LE-HAUT	68314		0	0	68	42	1	1	7.062217	47.731584	15	6	0	4	0	0	0	0	11	
977	SOULTZ-HAUT-RHIN	68315		0	0	68	42	1	1	7.229539	47.885465	24	3	0	3	0	0	0	0	3	
978	SOULTZBACH-LES-BAINS	68316		0	0	68	42	1	1	7.203548	48.038770	18	2	0	3	0	0	0	0	2	
979	SOULTZEREN	68317		0	0	68	42	1	1	7.103388	48.062726	18	2	0	3	0	0	0	0	2	
980	SOULTZMATT	68318		0	0	68	42	1	1	7.237525	47.960612	21	3	0	3	0	0	0	0	3	
981	SPECHBACH-LE-BAS	68319		0	0	68	42	1	1	7.228170	47.668673	1	1	0	4	0	0	0	0	1	
982	SPECHBACH-LE-HAUT	68320		0	0	68	42	1	1	7.217549	47.679918	1	1	0	4	0	0	0	0	1	
983	STAFFELFELDEN	68321		0	0	68	42	1	1	7.250486	47.825462	3	6	0	4	0	0	0	0	6	
984	STEINBACH	68322		0	0	68	42	1	1	7.152442	47.821004	3	6	0	4	0	0	0	0	11	
985	STEINBRUNN-LE-BAS	68323		0	0	68	42	1	1	7.367399	47.675139	13	4	0	4	0	0	0	0	8	
986	STEINBRUNN-LE-HAUT	68324		0	0	68	42	1	1	7.349043	47.662281	13	4	0	4	0	0	0	0	8	
987	STEINSOULTZ	68325		0	0	68	42	1	1	7.337589	47.553873	10	1	0	4	0	0	0	0	1	
988	STERNENBERG	68326		0	0	68	42	1	1	7.094095	47.695734	5	1	0	4	0	0	0	0	1	
989	STETTEN	68327		0	0	68	42	1	1	7.430254	47.624493	13	4	0	4	0	0	0	0	8	
990	STORCKENSOHN	68328		0	0	68	42	1	1	6.961027	47.876949	22	6	0	4	0	0	0	0	11	
991	STOSSWIHR	68329		0	0	68	42	1	1	7.105894	48.052013	18	2	0	3	0	0	0	0	2	
992	STRUETH	68330		0	0	68	42	1	1	7.122818	47.583525	10	1	0	4	0	0	0	0	1	
993	SUNDHOFFEN	68331		0	0	68	42	1	1	7.412067	48.042955	2	2	0	3	0	0	0	0	2	
994	TAGOLSHEIM	68332		0	0	68	42	1	1	7.275824	47.656263	1	1	0	4	0	0	0	0	1	
995	TAGSDORF	68333		0	0	68	42	1	1	7.302892	47.621374	1	1	0	4	0	0	0	0	1	
996	THANNENKIRCH	68335		0	0	68	42	1	1	7.305580	48.228553	20	5	0	3	0	0	0	0	2	
997	TRAUBACH-LE-BAS	68336		0	0	68	42	1	1	7.101736	47.654274	5	1	0	4	0	0	0	0	1	
998	TRAUBACH-LE-HAUT	68337		0	0	68	42	1	1	7.097105	47.665607	5	1	0	4	0	0	0	0	1	
999	TURCKHEIM	68338		0	0	68	42	1	1	7.277745	48.087928	26	2	0	3	0	0	0	0	2	
1000	UEBERSTRASS	68340		0	0	68	42	1	1	7.158208	47.552483	10	1	0	4	0	0	0	0	1	
1001	UFFHEIM	68341		0	0	68	42	1	1	7.444029	47.649890	13	4	0	4	0	0	0	0	8	
1002	UFFHOLTZ	68342		0	0	68	42	1	1	7.177213	47.820297	3	6	0	4	0	0	0	0	11	
1003	UNGERSHEIM	68343		0	0	68	42	1	1	7.306445	47.876909	24	3	0	3	0	0	0	0	3	
1004	URBES	68344		0	0	68	42	1	1	6.954870	47.882460	22	6	0	4	0	0	0	0	11	
1005	URSCHENHEIM	68345		0	0	68	42	1	1	7.486567	48.086675	2	2	0	3	0	0	0	0	2	
1006	VIEUX-FERRETTE	68347		0	0	68	42	1	1	7.300444	47.503412	7	1	0	4	0	0	0	0	1	
1007	VIEUX-THANN	68348		0	0	68	42	1	1	7.122359	47.802039	25	6	0	4	0	0	0	0	11	
1008	VILLAGE-NEUF	68349		0	0	68	42	1	1	7.571273	47.605592	11	4	0	4	0	0	0	0	8	
1009	VOEGTLINSHOFFEN	68350		0	0	68	42	1	1	7.282146	48.019495	26	2	0	3	0	0	0	0	2	
1010	VOGELGRUN	68351		0	0	68	42	1	1	7.568071	48.014041	19	2	0	3	0	0	0	0	2	
1011	VOLGELSHEIM	68352		0	0	68	42	1	1	7.552677	48.015286	19	2	0	3	0	0	0	0	2	
1012	WAHLBACH	68353		0	0	68	42	1	1	7.347473	47.630508	13	4	0	4	0	0	0	0	8	
1013	WALBACH	68354		0	0	68	42	1	1	7.222343	48.064038	26	2	0	3	0	0	0	0	2	
1014	WALDIGHOFEN	68355		0	0	68	42	1	1	7.314037	47.549723	10	1	0	4	0	0	0	0	1	
1015	WALHEIM	68356		0	0	68	42	1	1	7.264752	47.641848	1	1	0	4	0	0	0	0	1	
1016	WALTENHEIM	68357		0	0	68	42	1	1	7.424758	47.657687	13	4	0	4	0	0	0	0	8	
1017	WASSERBOURG	68358		0	0	68	42	1	1	7.159464	48.003125	18	2	0	3	0	0	0	0	2	
1018	WATTWILLER	68359		0	0	68	42	1	1	7.176885	47.835904	3	6	0	4	0	0	0	0	11	
1019	WECKOLSHEIM	68360		0	0	68	42	1	1	7.512634	48.003095	19	2	0	3	0	0	0	0	2	
1020	WEGSCHEID	68361		0	0	68	42	1	1	6.958873	47.799836	15	6	0	4	0	0	0	0	11	
1021	WENTZWILLER	68362		0	0	68	42	1	1	7.479727	47.549356	11	4	0	4	0	0	0	0	8	
1022	WERENTZHOUSE	68363		0	0	68	42	1	1	7.356863	47.516097	7	1	0	4	0	0	0	0	1	
1023	WESTHALTEN	68364		0	0	68	42	1	1	7.259011	47.957894	21	3	0	3	0	0	0	0	3	
1024	WETTOLSHEIM	68365		0	0	68	42	1	1	7.298721	48.058086	26	2	0	3	0	0	0	0	2	
1025	WICKERSCHWIHR	68366		0	0	68	42	1	1	7.435956	48.108356	2	2	0	3	0	0	0	0	2	
1026	WIDENSOLEN	68367		0	0	68	42	1	1	7.479770	48.065764	2	2	0	3	0	0	0	0	2	
1027	WIHR-AU-VAL	68368		0	0	68	42	1	1	7.204484	48.053403	18	2	0	3	0	0	0	0	2	
1028	WILDENSTEIN	68370		0	0	68	42	1	1	6.960289	47.976820	22	6	0	4	0	0	0	0	11	
1029	WILLER	68371		0	0	68	42	1	1	7.319137	47.585548	1	1	0	4	0	0	0	0	1	
1030	WILLER-SUR-THUR	68372		0	0	68	42	1	1	7.071350	47.843919	25	6	0	4	0	0	0	0	11	
1031	WINKEL	68373		0	0	68	42	1	1	7.263670	47.460646	7	1	0	4	0	0	0	0	1	
1032	WINTZENHEIM	68374		0	0	68	42	1	1	7.290316	48.072898	26	2	0	3	0	0	0	0	2	
1033	WITTELSHEIM	68375		0	0	68	42	1	1	7.241177	47.809511	3	6	0	4	0	0	0	0	6	
1034	WITTENHEIM	68376		0	0	68	42	1	1	7.339367	47.807669	27	4	0	4	0	0	0	0	6	
1035	WITTERSDORF	68377		0	0	68	42	1	1	7.274023	47.621167	1	1	0	4	0	0	0	0	1	
1036	WOLFERSDORF	68378		0	0	68	42	1	1	7.114197	47.640396	5	1	0	4	0	0	0	0	1	
1037	WOLFGANTZEN	68379		0	0	68	42	1	1	7.500419	48.028269	19	2	0	3	0	0	0	0	2	
1038	WOLSCHWILLER	68380		0	0	68	42	1	1	7.408061	47.461861	7	1	0	4	0	0	0	0	1	
1039	WUENHEIM	68381		0	0	68	42	1	1	7.206288	47.873737	24	3	0	3	0	0	0	0	3	
1040	ZAESSINGUE	68382		0	0	68	42	1	1	7.366030	47.624225	13	4	0	4	0	0	0	0	8	
1041	ZELLENBERG	68383		0	0	68	42	1	1	7.320815	48.169381	12	5	0	3	0	0	0	0	2	
1042	ZILLISHEIM	68384		0	0	68	42	1	1	7.293610	47.694852	17	4	0	4	0	0	0	0	6	
1043	ZIMMERBACH	68385		0	0	68	42	1	1	7.235717	48.073917	26	2	0	3	0	0	0	0	2	
1044	ZIMMERSHEIM	68386		0	0	68	42	1	1	7.388760	47.720630	9	4	0	4	0	0	0	0	6	
1045				0	0	0	42	1	1	2.209661	46.215797	0	0	0	0	0	0	0	0	0	
1046	ALTECKENDORF	67005		0	0	67	42	0	0			10	6	0	1	4	2	18	0	9	
